0 3 2
0 4 2
3 4 2
1 5 2
1 3 2
5 3 2
2 4 2
2 5 2
4 5 2
6 9 2
6 8 2
9 8 2
1 8 2
1 10 2
8 10 2
7 10 2
7 9 2
10 9 2
11 12 2
11 13 2
12 13 2
2 14 2
2 12 2
14 12 2
7 13 2
7 14 2
13 14 2
10 5 2
5 14 2
14 10 2
15 19 2
15 18 2
19 18 2
16 18 2
16 20 2
18 20 2
17 20 2
17 19 2
20 19 2
6 22 2
6 23 2
22 23 2
16 24 2
16 22 2
24 22 2
21 23 2
21 24 2
23 24 2
25 27 2
25 26 2
27 26 2
17 26 2
17 28 2
26 28 2
21 28 2
21 27 2
28 27 2
20 24 2
28 20 2
24 28 2
29 32 2
29 33 2
32 33 2
30 34 2
30 32 2
34 32 2
31 33 2
31 34 2
33 34 2
11 37 2
11 36 2
37 36 2
30 36 2
30 38 2
36 38 2
35 38 2
35 37 2
38 37 2
25 39 2
25 40 2
39 40 2
31 41 2
31 39 2
41 39 2
35 40 2
35 41 2
40 41 2
38 34 2
34 41 2
41 38 2
23 9 2
7 42 2
9 42 2
21 42 2
42 23 2
13 37 2
7 43 2
43 13 2
35 43 2
37 43 2
40 27 2
21 44 2
27 44 2
35 44 2
44 40 2
42 43 2
44 42 2
43 44 2
45 49 2
45 48 2
49 48 2
46 48 2
46 50 2
48 50 2
47 50 2
47 49 2
50 49 2
51 53 2
51 54 2
53 54 2
46 55 2
46 53 2
55 53 2
52 54 2
52 55 2
54 55 2
56 58 2
56 57 2
58 57 2
47 57 2
47 59 2
57 59 2
52 59 2
52 58 2
59 58 2
50 55 2
59 50 2
55 59 2
15 62 2
15 63 2
62 63 2
60 64 2
60 62 2
64 62 2
61 63 2
61 64 2
63 64 2
51 67 2
51 66 2
67 66 2
60 66 2
60 68 2
66 68 2
65 68 2
65 67 2
68 67 2
69 70 2
69 71 2
70 71 2
61 72 2
61 70 2
72 70 2
65 71 2
65 72 2
71 72 2
68 64 2
64 72 2
72 68 2
73 77 2
73 76 2
77 76 2
74 76 2
74 78 2
76 78 2
75 78 2
75 77 2
78 77 2
56 80 2
56 81 2
80 81 2
74 82 2
74 80 2
82 80 2
79 81 2
79 82 2
81 82 2
69 84 2
69 83 2
84 83 2
75 83 2
75 85 2
83 85 2
79 85 2
79 84 2
85 84 2
78 82 2
85 78 2
82 85 2
54 67 2
52 86 2
86 54 2
65 86 2
67 86 2
81 58 2
52 87 2
58 87 2
79 87 2
87 81 2
71 84 2
65 88 2
88 71 2
79 88 2
84 88 2
87 86 2
86 88 2
88 87 2
89 92 2
89 93 2
92 93 2
90 94 2
90 92 2
94 92 2
91 93 2
91 94 2
93 94 2
95 98 2
95 97 2
98 97 2
90 97 2
90 99 2
97 99 2
96 99 2
96 98 2
99 98 2
100 101 2
100 102 2
101 102 2
91 103 2
91 101 2
103 101 2
96 102 2
96 103 2
102 103 2
99 94 2
94 103 2
103 99 2
29 107 2
29 106 2
107 106 2
104 106 2
104 108 2
106 108 2
105 108 2
105 107 2
108 107 2
95 110 2
95 111 2
110 111 2
104 112 2
104 110 2
112 110 2
109 111 2
109 112 2
111 112 2
113 115 2
113 114 2
115 114 2
105 114 2
105 116 2
114 116 2
109 116 2
109 115 2
116 115 2
108 112 2
116 108 2
112 116 2
73 119 2
73 120 2
119 120 2
117 121 2
117 119 2
121 119 2
118 120 2
118 121 2
120 121 2
100 124 2
100 123 2
124 123 2
117 123 2
117 125 2
123 125 2
122 125 2
122 124 2
125 124 2
113 126 2
113 127 2
126 127 2
118 128 2
118 126 2
128 126 2
122 127 2
122 128 2
127 128 2
125 121 2
121 128 2
128 125 2
111 98 2
96 129 2
98 129 2
109 129 2
129 111 2
102 124 2
96 130 2
130 102 2
122 130 2
124 130 2
127 115 2
109 131 2
115 131 2
122 131 2
131 127 2
129 130 2
131 129 2
130 131 2
63 19 2
17 132 2
19 132 2
61 132 2
132 63 2
25 134 2
26 134 2
17 135 2
135 26 2
133 134 2
133 135 2
134 135 2
69 136 2
136 70 2
61 137 2
70 137 2
133 137 2
133 136 2
137 136 2
132 135 2
137 132 2
135 137 2
33 107 2
31 138 2
138 33 2
105 138 2
107 138 2
25 140 2
140 39 2
31 141 2
39 141 2
139 141 2
139 140 2
141 140 2
113 142 2
114 142 2
105 143 2
143 114 2
139 142 2
139 143 2
142 143 2
141 138 2
138 143 2
143 141 2
120 77 2
75 144 2
77 144 2
118 144 2
144 120 2
69 146 2
83 146 2
75 147 2
147 83 2
145 146 2
145 147 2
146 147 2
113 148 2
148 126 2
118 149 2
126 149 2
145 149 2
145 148 2
149 148 2
144 147 2
149 144 2
147 149 2
134 140 2
133 150 2
150 134 2
139 150 2
140 150 2
146 136 2
133 151 2
136 151 2
145 151 2
151 146 2
142 148 2
139 152 2
152 142 2
145 152 2
148 152 2
151 150 2
150 152 2
152 151 2
0 154 2
4 154 2
2 155 2
155 4 2
153 154 2
153 155 2
154 155 2
11 157 2
157 12 2
2 158 2
12 158 2
156 158 2
156 157 2
158 157 2
159 160 2
159 161 2
160 161 2
153 162 2
153 160 2
162 160 2
156 161 2
156 162 2
161 162 2
158 155 2
155 162 2
162 158 2
29 164 2
164 32 2
30 165 2
32 165 2
163 165 2
163 164 2
165 164 2
11 167 2
36 167 2
30 168 2
168 36 2
166 167 2
166 168 2
167 168 2
169 171 2
169 170 2
171 170 2
163 170 2
163 172 2
170 172 2
166 172 2
166 171 2
172 171 2
165 168 2
172 165 2
168 172 2
173 176 2
173 177 2
176 177 2
174 178 2
174 176 2
178 176 2
175 177 2
175 178 2
177 178 2
159 181 2
159 180 2
181 180 2
174 180 2
174 182 2
180 182 2
179 182 2
179 181 2
182 181 2
169 183 2
169 184 2
183 184 2
175 185 2
175 183 2
185 183 2
179 184 2
179 185 2
184 185 2
182 178 2
178 185 2
185 182 2
167 157 2
156 186 2
157 186 2
166 186 2
186 167 2
161 181 2
156 187 2
187 161 2
179 187 2
181 187 2
184 171 2
166 188 2
171 188 2
179 188 2
188 184 2
186 187 2
188 186 2
187 188 2
89 190 2
190 92 2
90 191 2
92 191 2
189 191 2
189 190 2
191 190 2
95 193 2
97 193 2
90 194 2
194 97 2
192 193 2
192 194 2
193 194 2
195 197 2
195 196 2
197 196 2
189 196 2
189 198 2
196 198 2
192 198 2
192 197 2
198 197 2
191 194 2
198 191 2
194 198 2
29 200 2
106 200 2
104 201 2
201 106 2
199 200 2
199 201 2
200 201 2
95 203 2
203 110 2
104 204 2
110 204 2
202 204 2
202 203 2
204 203 2
205 206 2
205 207 2
206 207 2
199 208 2
199 206 2
208 206 2
202 207 2
202 208 2
207 208 2
204 201 2
201 208 2
208 204 2
209 213 2
209 212 2
213 212 2
210 212 2
210 214 2
212 214 2
211 214 2
211 213 2
214 213 2
195 216 2
195 217 2
216 217 2
210 218 2
210 216 2
218 216 2
215 217 2
215 218 2
217 218 2
205 220 2
205 219 2
220 219 2
211 219 2
211 221 2
219 221 2
215 221 2
215 220 2
221 220 2
214 218 2
221 214 2
218 221 2
193 203 2
192 222 2
222 193 2
202 222 2
203 222 2
217 197 2
192 223 2
197 223 2
215 223 2
223 217 2
207 220 2
202 224 2
224 207 2
215 224 2
220 224 2
223 222 2
222 224 2
224 223 2
225 228 2
225 229 2
228 229 2
226 230 2
226 228 2
230 228 2
227 229 2
227 230 2
229 230 2
231 234 2
231 233 2
234 233 2
226 233 2
226 235 2
233 235 2
232 235 2
232 234 2
235 234 2
236 237 2
236 238 2
237 238 2
227 239 2
227 237 2
239 237 2
232 238 2
232 239 2
238 239 2
235 230 2
230 239 2
239 235 2
173 243 2
173 242 2
243 242 2
240 242 2
240 244 2
242 244 2
241 244 2
241 243 2
244 243 2
231 246 2
231 247 2
246 247 2
240 248 2
240 246 2
248 246 2
245 247 2
245 248 2
247 248 2
249 251 2
249 250 2
251 250 2
241 250 2
241 252 2
250 252 2
245 252 2
245 251 2
252 251 2
244 248 2
252 244 2
248 252 2
209 255 2
209 256 2
255 256 2
253 257 2
253 255 2
257 255 2
254 256 2
254 257 2
256 257 2
236 260 2
236 259 2
260 259 2
253 259 2
253 261 2
259 261 2
258 261 2
258 260 2
261 260 2
249 262 2
249 263 2
262 263 2
254 264 2
254 262 2
264 262 2
258 263 2
258 264 2
263 264 2
261 257 2
257 264 2
264 261 2
247 234 2
232 265 2
234 265 2
245 265 2
265 247 2
238 260 2
232 266 2
266 238 2
258 266 2
260 266 2
263 251 2
245 267 2
251 267 2
258 267 2
267 263 2
265 266 2
267 265 2
266 267 2
200 164 2
163 268 2
164 268 2
199 268 2
268 200 2
169 270 2
170 270 2
163 271 2
271 170 2
269 270 2
269 271 2
270 271 2
205 272 2
272 206 2
199 273 2
206 273 2
269 273 2
269 272 2
273 272 2
268 271 2
273 268 2
271 273 2
177 243 2
175 274 2
274 177 2
241 274 2
243 274 2
169 276 2
276 183 2
175 277 2
183 277 2
275 277 2
275 276 2
277 276 2
249 278 2
250 278 2
241 279 2
279 250 2
275 278 2
275 279 2
278 279 2
277 274 2
274 279 2
279 277 2
256 213 2
211 280 2
213 280 2
254 280 2
280 256 2
205 282 2
219 282 2
211 283 2
283 219 2
281 282 2
281 283 2
282 283 2
249 284 2
284 262 2
254 285 2
262 285 2
281 285 2
281 284 2
285 284 2
280 283 2
285 280 2
283 285 2
270 276 2
269 286 2
286 270 2
275 286 2
276 286 2
282 272 2
269 287 2
272 287 2
281 287 2
287 282 2
278 284 2
275 288 2
288 278 2
281 288 2
284 288 2
287 286 2
286 288 2
288 287 2
0 290 2
154 290 2
153 291 2
291 154 2
289 290 2
289 291 2
290 291 2
159 293 2
293 160 2
153 294 2
160 294 2
292 294 2
292 293 2
294 293 2
295 296 2
295 297 2
296 297 2
289 298 2
289 296 2
298 296 2
292 297 2
292 298 2
297 298 2
294 291 2
291 298 2
298 294 2
173 300 2
300 176 2
174 301 2
176 301 2
299 301 2
299 300 2
301 300 2
159 303 2
180 303 2
174 304 2
304 180 2
302 303 2
302 304 2
303 304 2
305 307 2
305 306 2
307 306 2
299 306 2
299 308 2
306 308 2
302 308 2
302 307 2
308 307 2
301 304 2
308 301 2
304 308 2
309 312 2
309 313 2
312 313 2
310 314 2
310 312 2
314 312 2
311 313 2
311 314 2
313 314 2
295 317 2
295 316 2
317 316 2
310 316 2
310 318 2
316 318 2
315 318 2
315 317 2
318 317 2
305 319 2
305 320 2
319 320 2
311 321 2
311 319 2
321 319 2
315 320 2
315 321 2
320 321 2
318 314 2
314 321 2
321 318 2
303 293 2
292 322 2
293 322 2
302 322 2
322 303 2
297 317 2
292 323 2
323 297 2
315 323 2
317 323 2
320 307 2
302 324 2
307 324 2
315 324 2
324 320 2
322 323 2
324 322 2
323 324 2
225 326 2
326 228 2
226 327 2
228 327 2
325 327 2
325 326 2
327 326 2
231 329 2
233 329 2
226 330 2
330 233 2
328 329 2
328 330 2
329 330 2
331 333 2
331 332 2
333 332 2
325 332 2
325 334 2
332 334 2
328 334 2
328 333 2
334 333 2
327 330 2
334 327 2
330 334 2
173 336 2
242 336 2
240 337 2
337 242 2
335 336 2
335 337 2
336 337 2
231 339 2
339 246 2
240 340 2
246 340 2
338 340 2
338 339 2
340 339 2
341 342 2
341 343 2
342 343 2
335 344 2
335 342 2
344 342 2
338 343 2
338 344 2
343 344 2
340 337 2
337 344 2
344 340 2
345 349 2
345 348 2
349 348 2
346 348 2
346 350 2
348 350 2
347 350 2
347 349 2
350 349 2
331 352 2
331 353 2
352 353 2
346 354 2
346 352 2
354 352 2
351 353 2
351 354 2
353 354 2
341 356 2
341 355 2
356 355 2
347 355 2
347 357 2
355 357 2
351 357 2
351 356 2
357 356 2
350 354 2
357 350 2
354 357 2
329 339 2
328 358 2
358 329 2
338 358 2
339 358 2
353 333 2
328 359 2
333 359 2
351 359 2
359 353 2
343 356 2
338 360 2
360 343 2
351 360 2
356 360 2
359 358 2
358 360 2
360 359 2
361 364 2
361 365 2
364 365 2
362 366 2
362 364 2
366 364 2
363 365 2
363 366 2
365 366 2
367 370 2
367 369 2
370 369 2
362 369 2
362 371 2
369 371 2
368 371 2
368 370 2
371 370 2
372 373 2
372 374 2
373 374 2
363 375 2
363 373 2
375 373 2
368 374 2
368 375 2
374 375 2
371 366 2
366 375 2
375 371 2
309 379 2
309 378 2
379 378 2
376 378 2
376 380 2
378 380 2
377 380 2
377 379 2
380 379 2
367 382 2
367 383 2
382 383 2
376 384 2
376 382 2
384 382 2
381 383 2
381 384 2
383 384 2
385 387 2
385 386 2
387 386 2
377 386 2
377 388 2
386 388 2
381 388 2
381 387 2
388 387 2
380 384 2
388 380 2
384 388 2
345 391 2
345 392 2
391 392 2
389 393 2
389 391 2
393 391 2
390 392 2
390 393 2
392 393 2
372 396 2
372 395 2
396 395 2
389 395 2
389 397 2
395 397 2
394 397 2
394 396 2
397 396 2
385 398 2
385 399 2
398 399 2
390 400 2
390 398 2
400 398 2
394 399 2
394 400 2
399 400 2
397 393 2
393 400 2
400 397 2
383 370 2
368 401 2
370 401 2
381 401 2
401 383 2
374 396 2
368 402 2
402 374 2
394 402 2
396 402 2
399 387 2
381 403 2
387 403 2
394 403 2
403 399 2
401 402 2
403 401 2
402 403 2
336 300 2
299 404 2
300 404 2
335 404 2
404 336 2
305 406 2
306 406 2
299 407 2
407 306 2
405 406 2
405 407 2
406 407 2
341 408 2
408 342 2
335 409 2
342 409 2
405 409 2
405 408 2
409 408 2
404 407 2
409 404 2
407 409 2
313 379 2
311 410 2
410 313 2
377 410 2
379 410 2
305 412 2
412 319 2
311 413 2
319 413 2
411 413 2
411 412 2
413 412 2
385 414 2
386 414 2
377 415 2
415 386 2
411 414 2
411 415 2
414 415 2
413 410 2
410 415 2
415 413 2
392 349 2
347 416 2
349 416 2
390 416 2
416 392 2
341 418 2
355 418 2
347 419 2
419 355 2
417 418 2
417 419 2
418 419 2
385 420 2
420 398 2
390 421 2
398 421 2
417 421 2
417 420 2
421 420 2
416 419 2
421 416 2
419 421 2
406 412 2
405 422 2
422 406 2
411 422 2
412 422 2
418 408 2
405 423 2
408 423 2
417 423 2
423 418 2
414 420 2
411 424 2
424 414 2
417 424 2
420 424 2
423 422 2
422 424 2
424 423 2
0 426 2
290 426 2
289 427 2
427 290 2
425 426 2
425 427 2
426 427 2
295 429 2
429 296 2
289 430 2
296 430 2
428 430 2
428 429 2
430 429 2
431 432 2
431 433 2
432 433 2
425 434 2
425 432 2
434 432 2
428 433 2
428 434 2
433 434 2
430 427 2
427 434 2
434 430 2
309 436 2
436 312 2
310 437 2
312 437 2
435 437 2
435 436 2
437 436 2
295 439 2
316 439 2
310 440 2
440 316 2
438 439 2
438 440 2
439 440 2
441 443 2
441 442 2
443 442 2
435 442 2
435 444 2
442 444 2
438 444 2
438 443 2
444 443 2
437 440 2
444 437 2
440 444 2
445 448 2
445 449 2
448 449 2
446 450 2
446 448 2
450 448 2
447 449 2
447 450 2
449 450 2
431 453 2
431 452 2
453 452 2
446 452 2
446 454 2
452 454 2
451 454 2
451 453 2
454 453 2
441 455 2
441 456 2
455 456 2
447 457 2
447 455 2
457 455 2
451 456 2
451 457 2
456 457 2
454 450 2
450 457 2
457 454 2
439 429 2
428 458 2
429 458 2
438 458 2
458 439 2
433 453 2
428 459 2
459 433 2
451 459 2
453 459 2
456 443 2
438 460 2
443 460 2
451 460 2
460 456 2
458 459 2
460 458 2
459 460 2
361 462 2
462 364 2
362 463 2
364 463 2
461 463 2
461 462 2
463 462 2
367 465 2
369 465 2
362 466 2
466 369 2
464 465 2
464 466 2
465 466 2
467 469 2
467 468 2
469 468 2
461 468 2
461 470 2
468 470 2
464 470 2
464 469 2
470 469 2
463 466 2
470 463 2
466 470 2
309 472 2
378 472 2
376 473 2
473 378 2
471 472 2
471 473 2
472 473 2
367 475 2
475 382 2
376 476 2
382 476 2
474 476 2
474 475 2
476 475 2
477 478 2
477 479 2
478 479 2
471 480 2
471 478 2
480 478 2
474 479 2
474 480 2
479 480 2
476 473 2
473 480 2
480 476 2
481 485 2
481 484 2
485 484 2
482 484 2
482 486 2
484 486 2
483 486 2
483 485 2
486 485 2
467 488 2
467 489 2
488 489 2
482 490 2
482 488 2
490 488 2
487 489 2
487 490 2
489 490 2
477 492 2
477 491 2
492 491 2
483 491 2
483 493 2
491 493 2
487 493 2
487 492 2
493 492 2
486 490 2
493 486 2
490 493 2
465 475 2
464 494 2
494 465 2
474 494 2
475 494 2
489 469 2
464 495 2
469 495 2
487 495 2
495 489 2
479 492 2
474 496 2
496 479 2
487 496 2
492 496 2
495 494 2
494 496 2
496 495 2
497 500 2
497 501 2
500 501 2
498 502 2
498 500 2
502 500 2
499 501 2
499 502 2
501 502 2
503 506 2
503 505 2
506 505 2
498 505 2
498 507 2
505 507 2
504 507 2
504 506 2
507 506 2
508 509 2
508 510 2
509 510 2
499 511 2
499 509 2
511 509 2
504 510 2
504 511 2
510 511 2
507 502 2
502 511 2
511 507 2
445 515 2
445 514 2
515 514 2
512 514 2
512 516 2
514 516 2
513 516 2
513 515 2
516 515 2
503 518 2
503 519 2
518 519 2
512 520 2
512 518 2
520 518 2
517 519 2
517 520 2
519 520 2
521 523 2
521 522 2
523 522 2
513 522 2
513 524 2
522 524 2
517 524 2
517 523 2
524 523 2
516 520 2
524 516 2
520 524 2
481 527 2
481 528 2
527 528 2
525 529 2
525 527 2
529 527 2
526 528 2
526 529 2
528 529 2
508 532 2
508 531 2
532 531 2
525 531 2
525 533 2
531 533 2
530 533 2
530 532 2
533 532 2
521 534 2
521 535 2
534 535 2
526 536 2
526 534 2
536 534 2
530 535 2
530 536 2
535 536 2
533 529 2
529 536 2
536 533 2
519 506 2
504 537 2
506 537 2
517 537 2
537 519 2
510 532 2
504 538 2
538 510 2
530 538 2
532 538 2
535 523 2
517 539 2
523 539 2
530 539 2
539 535 2
537 538 2
539 537 2
538 539 2
472 436 2
435 540 2
436 540 2
471 540 2
540 472 2
441 542 2
442 542 2
435 543 2
543 442 2
541 542 2
541 543 2
542 543 2
477 544 2
544 478 2
471 545 2
478 545 2
541 545 2
541 544 2
545 544 2
540 543 2
545 540 2
543 545 2
449 515 2
447 546 2
546 449 2
513 546 2
515 546 2
441 548 2
548 455 2
447 549 2
455 549 2
547 549 2
547 548 2
549 548 2
521 550 2
522 550 2
513 551 2
551 522 2
547 550 2
547 551 2
550 551 2
549 546 2
546 551 2
551 549 2
528 485 2
483 552 2
485 552 2
526 552 2
552 528 2
477 554 2
491 554 2
483 555 2
555 491 2
553 554 2
553 555 2
554 555 2
521 556 2
556 534 2
526 557 2
534 557 2
553 557 2
553 556 2
557 556 2
552 555 2
557 552 2
555 557 2
542 548 2
541 558 2
558 542 2
547 558 2
548 558 2
554 544 2
541 559 2
544 559 2
553 559 2
559 554 2
550 556 2
547 560 2
560 550 2
553 560 2
556 560 2
559 558 2
558 560 2
560 559 2
426 3 2
1 561 2
3 561 2
425 561 2
561 426 2
6 563 2
8 563 2
1 564 2
564 8 2
562 563 2
562 564 2
563 564 2
431 565 2
565 432 2
425 566 2
432 566 2
562 566 2
562 565 2
566 565 2
561 564 2
566 561 2
564 566 2
15 568 2
18 568 2
16 569 2
569 18 2
567 568 2
567 569 2
568 569 2
6 571 2
571 22 2
16 572 2
22 572 2
570 572 2
570 571 2
572 571 2
573 574 2
573 575 2
574 575 2
567 576 2
567 574 2
576 574 2
570 575 2
570 576 2
575 576 2
572 569 2
569 576 2
576 572 2
445 578 2
578 448 2
446 579 2
448 579 2
577 579 2
577 578 2
579 578 2
431 581 2
452 581 2
446 582 2
582 452 2
580 581 2
580 582 2
581 582 2
573 584 2
573 583 2
584 583 2
577 583 2
577 585 2
583 585 2
580 585 2
580 584 2
585 584 2
579 582 2
585 579 2
582 585 2
563 571 2
562 586 2
586 563 2
570 586 2
571 586 2
581 565 2
562 587 2
565 587 2
580 587 2
587 581 2
575 584 2
570 588 2
588 575 2
580 588 2
584 588 2
587 586 2
586 588 2
588 587 2
45 590 2
48 590 2
46 591 2
591 48 2
589 590 2
589 591 2
590 591 2
51 593 2
593 53 2
46 594 2
53 594 2
592 594 2
592 593 2
594 593 2
595 596 2
595 597 2
596 597 2
589 598 2
589 596 2
598 596 2
592 597 2
592 598 2
597 598 2
594 591 2
591 598 2
598 594 2
15 600 2
600 62 2
60 601 2
62 601 2
599 601 2
599 600 2
601 600 2
51 603 2
66 603 2
60 604 2
604 66 2
602 603 2
602 604 2
603 604 2
605 607 2
605 606 2
607 606 2
599 606 2
599 608 2
606 608 2
602 608 2
602 607 2
608 607 2
601 604 2
608 601 2
604 608 2
609 612 2
609 613 2
612 613 2
610 614 2
610 612 2
614 612 2
611 613 2
611 614 2
613 614 2
595 617 2
595 616 2
617 616 2
610 616 2
610 618 2
616 618 2
615 618 2
615 617 2
618 617 2
605 619 2
605 620 2
619 620 2
611 621 2
611 619 2
621 619 2
615 620 2
615 621 2
620 621 2
618 614 2
614 621 2
621 618 2
603 593 2
592 622 2
593 622 2
602 622 2
622 603 2
597 617 2
592 623 2
623 597 2
615 623 2
617 623 2
620 607 2
602 624 2
607 624 2
615 624 2
624 620 2
622 623 2
624 622 2
623 624 2
497 626 2
626 500 2
498 627 2
500 627 2
625 627 2
625 626 2
627 626 2
503 629 2
505 629 2
498 630 2
630 505 2
628 629 2
628 630 2
629 630 2
631 633 2
631 632 2
633 632 2
625 632 2
625 634 2
632 634 2
628 634 2
628 633 2
634 633 2
627 630 2
634 627 2
630 634 2
445 636 2
514 636 2
512 637 2
637 514 2
635 636 2
635 637 2
636 637 2
503 639 2
639 518 2
512 640 2
518 640 2
638 640 2
638 639 2
640 639 2
641 642 2
641 643 2
642 643 2
635 644 2
635 642 2
644 642 2
638 643 2
638 644 2
643 644 2
640 637 2
637 644 2
644 640 2
609 648 2
609 647 2
648 647 2
645 647 2
645 649 2
647 649 2
646 649 2
646 648 2
649 648 2
631 651 2
631 652 2
651 652 2
645 653 2
645 651 2
653 651 2
650 652 2
650 653 2
652 653 2
641 655 2
641 654 2
655 654 2
646 654 2
646 656 2
654 656 2
650 656 2
650 655 2
656 655 2
649 653 2
656 649 2
653 656 2
629 639 2
628 657 2
657 629 2
638 657 2
639 657 2
652 633 2
628 658 2
633 658 2
650 658 2
658 652 2
643 655 2
638 659 2
659 643 2
650 659 2
655 659 2
658 657 2
657 659 2
659 658 2
568 600 2
567 660 2
660 568 2
599 660 2
600 660 2
573 662 2
662 574 2
567 663 2
574 663 2
661 663 2
661 662 2
663 662 2
605 664 2
606 664 2
599 665 2
665 606 2
661 664 2
661 665 2
664 665 2
663 660 2
660 665 2
665 663 2
636 578 2
577 666 2
578 666 2
635 666 2
666 636 2
573 668 2
583 668 2
577 669 2
669 583 2
667 668 2
667 669 2
668 669 2
641 670 2
670 642 2
635 671 2
642 671 2
667 671 2
667 670 2
671 670 2
666 669 2
671 666 2
669 671 2
613 648 2
611 672 2
672 613 2
646 672 2
648 672 2
605 674 2
674 619 2
611 675 2
619 675 2
673 675 2
673 674 2
675 674 2
641 676 2
654 676 2
646 677 2
677 654 2
673 676 2
673 677 2
676 677 2
675 672 2
672 677 2
677 675 2
668 662 2
661 678 2
662 678 2
667 678 2
678 668 2
664 674 2
661 679 2
679 664 2
673 679 2
674 679 2
676 670 2
667 680 2
670 680 2
673 680 2
680 676 2
678 679 2
680 678 2
679 680 2
681 685 2
681 684 2
685 684 2
682 684 2
682 686 2
684 686 2
683 686 2
683 685 2
686 685 2
687 689 2
687 690 2
689 690 2
682 691 2
682 689 2
691 689 2
688 690 2
688 691 2
690 691 2
692 694 2
692 693 2
694 693 2
683 693 2
683 695 2
693 695 2
688 695 2
688 694 2
695 694 2
686 691 2
695 686 2
691 695 2
696 699 2
696 700 2
699 700 2
697 701 2
697 699 2
701 699 2
698 700 2
698 701 2
700 701 2
687 704 2
687 703 2
704 703 2
697 703 2
697 705 2
703 705 2
702 705 2
702 704 2
705 704 2
706 707 2
706 708 2
707 708 2
698 709 2
698 707 2
709 707 2
702 708 2
702 709 2
708 709 2
705 701 2
701 709 2
709 705 2
710 714 2
710 713 2
714 713 2
711 713 2
711 715 2
713 715 2
712 715 2
712 714 2
715 714 2
692 717 2
692 718 2
717 718 2
711 719 2
711 717 2
719 717 2
716 718 2
716 719 2
718 719 2
706 721 2
706 720 2
721 720 2
712 720 2
712 722 2
720 722 2
716 722 2
716 721 2
722 721 2
715 719 2
722 715 2
719 722 2
690 704 2
688 723 2
723 690 2
702 723 2
704 723 2
718 694 2
688 724 2
694 724 2
716 724 2
724 718 2
708 721 2
702 725 2
725 708 2
716 725 2
721 725 2
724 723 2
723 725 2
725 724 2
726 729 2
726 730 2
729 730 2
727 731 2
727 729 2
731 729 2
728 730 2
728 731 2
730 731 2
732 735 2
732 734 2
735 734 2
727 734 2
727 736 2
734 736 2
733 736 2
733 735 2
736 735 2
737 738 2
737 739 2
738 739 2
728 740 2
728 738 2
740 738 2
733 739 2
733 740 2
739 740 2
736 731 2
731 740 2
740 736 2
696 744 2
696 743 2
744 743 2
741 743 2
741 745 2
743 745 2
742 745 2
742 744 2
745 744 2
732 747 2
732 748 2
747 748 2
741 749 2
741 747 2
749 747 2
746 748 2
746 749 2
748 749 2
750 752 2
750 751 2
752 751 2
742 751 2
742 753 2
751 753 2
746 753 2
746 752 2
753 752 2
745 749 2
753 745 2
749 753 2
754 757 2
754 758 2
757 758 2
755 759 2
755 757 2
759 757 2
756 758 2
756 759 2
758 759 2
737 762 2
737 761 2
762 761 2
755 761 2
755 763 2
761 763 2
760 763 2
760 762 2
763 762 2
750 764 2
750 765 2
764 765 2
756 766 2
756 764 2
766 764 2
760 765 2
760 766 2
765 766 2
763 759 2
759 766 2
766 763 2
748 735 2
733 767 2
735 767 2
746 767 2
767 748 2
739 762 2
733 768 2
768 739 2
760 768 2
762 768 2
765 752 2
746 769 2
752 769 2
760 769 2
769 765 2
767 768 2
769 767 2
768 769 2
770 774 2
770 773 2
774 773 2
771 773 2
771 775 2
773 775 2
772 775 2
772 774 2
775 774 2
776 778 2
776 779 2
778 779 2
771 780 2
771 778 2
780 778 2
777 779 2
777 780 2
779 780 2
781 783 2
781 782 2
783 782 2
772 782 2
772 784 2
782 784 2
777 784 2
777 783 2
784 783 2
775 780 2
784 775 2
780 784 2
710 787 2
710 788 2
787 788 2
785 789 2
785 787 2
789 787 2
786 788 2
786 789 2
788 789 2
776 792 2
776 791 2
792 791 2
785 791 2
785 793 2
791 793 2
790 793 2
790 792 2
793 792 2
794 795 2
794 796 2
795 796 2
786 797 2
786 795 2
797 795 2
790 796 2
790 797 2
796 797 2
793 789 2
789 797 2
797 793 2
754 801 2
754 800 2
801 800 2
798 800 2
798 802 2
800 802 2
799 802 2
799 801 2
802 801 2
781 804 2
781 805 2
804 805 2
798 806 2
798 804 2
806 804 2
803 805 2
803 806 2
805 806 2
794 808 2
794 807 2
808 807 2
799 807 2
799 809 2
807 809 2
803 809 2
803 808 2
809 808 2
802 806 2
809 802 2
806 809 2
779 792 2
777 810 2
810 779 2
790 810 2
792 810 2
805 783 2
777 811 2
783 811 2
803 811 2
811 805 2
796 808 2
790 812 2
812 796 2
803 812 2
808 812 2
811 810 2
810 812 2
812 811 2
700 744 2
698 813 2
813 700 2
742 813 2
744 813 2
706 815 2
815 707 2
698 816 2
707 816 2
814 816 2
814 815 2
816 815 2
750 817 2
751 817 2
742 818 2
818 751 2
814 817 2
814 818 2
817 818 2
816 813 2
813 818 2
818 816 2
788 714 2
712 819 2
714 819 2
786 819 2
819 788 2
706 821 2
720 821 2
712 822 2
822 720 2
820 821 2
820 822 2
821 822 2
794 823 2
823 795 2
786 824 2
795 824 2
820 824 2
820 823 2
824 823 2
819 822 2
824 819 2
822 824 2
758 801 2
756 825 2
825 758 2
799 825 2
801 825 2
750 827 2
827 764 2
756 828 2
764 828 2
826 828 2
826 827 2
828 827 2
794 829 2
807 829 2
799 830 2
830 807 2
826 829 2
826 830 2
829 830 2
828 825 2
825 830 2
830 828 2
821 815 2
814 831 2
815 831 2
820 831 2
831 821 2
817 827 2
814 832 2
832 817 2
826 832 2
827 832 2
829 823 2
820 833 2
823 833 2
826 833 2
833 829 2
831 832 2
833 831 2
832 833 2
726 835 2
730 835 2
834 835 2
834 836 2
835 836 2
728 836 2
836 730 2
837 839 2
837 840 2
839 840 2
834 841 2
834 839 2
841 839 2
838 840 2
838 841 2
840 841 2
737 842 2
842 738 2
728 843 2
738 843 2
838 843 2
838 842 2
843 842 2
836 841 2
843 836 2
841 843 2
844 847 2
844 848 2
847 848 2
845 849 2
845 847 2
849 847 2
846 848 2
846 849 2
848 849 2
837 852 2
837 851 2
852 851 2
845 851 2
845 853 2
851 853 2
850 853 2
850 852 2
853 852 2
854 855 2
854 856 2
855 856 2
846 857 2
846 855 2
857 855 2
850 856 2
850 857 2
856 857 2
853 849 2
849 857 2
857 853 2
754 859 2
859 757 2
755 860 2
757 860 2
858 860 2
858 859 2
860 859 2
737 862 2
761 862 2
755 863 2
863 761 2
861 862 2
861 863 2
862 863 2
854 865 2
854 864 2
865 864 2
858 864 2
858 866 2
864 866 2
861 866 2
861 865 2
866 865 2
860 863 2
866 860 2
863 866 2
840 852 2
838 867 2
867 840 2
850 867 2
852 867 2
862 842 2
838 868 2
842 868 2
861 868 2
868 862 2
856 865 2
850 869 2
869 856 2
861 869 2
865 869 2
868 867 2
867 869 2
869 868 2
870 873 2
870 874 2
873 874 2
871 875 2
871 873 2
875 873 2
872 874 2
872 875 2
874 875 2
876 879 2
876 878 2
879 878 2
871 878 2
871 880 2
878 880 2
877 880 2
877 879 2
880 879 2
881 882 2
881 883 2
882 883 2
872 884 2
872 882 2
884 882 2
877 883 2
877 884 2
883 884 2
880 875 2
875 884 2
884 880 2
844 888 2
844 887 2
888 887 2
885 887 2
885 889 2
887 889 2
886 889 2
886 888 2
889 888 2
876 891 2
876 892 2
891 892 2
885 893 2
885 891 2
893 891 2
890 892 2
890 893 2
892 893 2
894 896 2
894 895 2
896 895 2
886 895 2
886 897 2
895 897 2
890 897 2
890 896 2
897 896 2
889 893 2
897 889 2
893 897 2
898 901 2
898 902 2
901 902 2
899 903 2
899 901 2
903 901 2
900 902 2
900 903 2
902 903 2
881 906 2
881 905 2
906 905 2
899 905 2
899 907 2
905 907 2
904 907 2
904 906 2
907 906 2
894 908 2
894 909 2
908 909 2
900 910 2
900 908 2
910 908 2
904 909 2
904 910 2
909 910 2
907 903 2
903 910 2
910 907 2
892 879 2
877 911 2
879 911 2
890 911 2
911 892 2
883 906 2
877 912 2
912 883 2
904 912 2
906 912 2
909 896 2
890 913 2
896 913 2
904 913 2
913 909 2
911 912 2
913 911 2
912 913 2
770 915 2
915 774 2
772 916 2
774 916 2
914 916 2
914 915 2
916 915 2
781 918 2
782 918 2
772 919 2
919 782 2
917 918 2
917 919 2
918 919 2
920 922 2
920 921 2
922 921 2
914 921 2
914 923 2
921 923 2
917 923 2
917 922 2
923 922 2
916 919 2
923 916 2
919 923 2
754 925 2
800 925 2
798 926 2
926 800 2
924 925 2
924 926 2
925 926 2
781 928 2
928 804 2
798 929 2
804 929 2
927 929 2
927 928 2
929 928 2
930 931 2
930 932 2
931 932 2
924 933 2
924 931 2
933 931 2
927 932 2
927 933 2
932 933 2
929 926 2
926 933 2
933 929 2
898 937 2
898 936 2
937 936 2
934 936 2
934 938 2
936 938 2
935 938 2
935 937 2
938 937 2
920 940 2
920 941 2
940 941 2
934 942 2
934 940 2
942 940 2
939 941 2
939 942 2
941 942 2
930 944 2
930 943 2
944 943 2
935 943 2
935 945 2
943 945 2
939 945 2
939 944 2
945 944 2
938 942 2
945 938 2
942 945 2
918 928 2
917 946 2
946 918 2
927 946 2
928 946 2
941 922 2
917 947 2
922 947 2
939 947 2
947 941 2
932 944 2
927 948 2
948 932 2
939 948 2
944 948 2
947 946 2
946 948 2
948 947 2
848 888 2
846 949 2
949 848 2
886 949 2
888 949 2
854 951 2
951 855 2
846 952 2
855 952 2
950 952 2
950 951 2
952 951 2
894 953 2
895 953 2
886 954 2
954 895 2
950 953 2
950 954 2
953 954 2
952 949 2
949 954 2
954 952 2
925 859 2
858 955 2
859 955 2
924 955 2
955 925 2
854 957 2
864 957 2
858 958 2
958 864 2
956 957 2
956 958 2
957 958 2
930 959 2
959 931 2
924 960 2
931 960 2
956 960 2
956 959 2
960 959 2
955 958 2
960 955 2
958 960 2
902 937 2
900 961 2
961 902 2
935 961 2
937 961 2
894 963 2
963 908 2
900 964 2
908 964 2
962 964 2
962 963 2
964 963 2
930 965 2
943 965 2
935 966 2
966 943 2
962 965 2
962 966 2
965 966 2
964 961 2
961 966 2
966 964 2
957 951 2
950 967 2
951 967 2
956 967 2
967 957 2
953 963 2
950 968 2
968 953 2
962 968 2
963 968 2
965 959 2
956 969 2
959 969 2
962 969 2
969 965 2
967 968 2
969 967 2
968 969 2
870 971 2
874 971 2
970 971 2
970 972 2
971 972 2
872 972 2
972 874 2
973 975 2
973 976 2
975 976 2
970 977 2
970 975 2
977 975 2
974 976 2
974 977 2
976 977 2
881 978 2
978 882 2
872 979 2
882 979 2
974 979 2
974 978 2
979 978 2
972 977 2
979 972 2
977 979 2
980 983 2
980 984 2
983 984 2
981 985 2
981 983 2
985 983 2
982 984 2
982 985 2
984 985 2
973 988 2
973 987 2
988 987 2
981 987 2
981 989 2
987 989 2
986 989 2
986 988 2
989 988 2
990 991 2
990 992 2
991 992 2
982 993 2
982 991 2
993 991 2
986 992 2
986 993 2
992 993 2
989 985 2
985 993 2
993 989 2
898 995 2
995 901 2
899 996 2
901 996 2
994 996 2
994 995 2
996 995 2
881 998 2
905 998 2
899 999 2
999 905 2
997 998 2
997 999 2
998 999 2
990 1001 2
990 1000 2
1001 1000 2
994 1000 2
994 1002 2
1000 1002 2
997 1002 2
997 1001 2
1002 1001 2
996 999 2
1002 996 2
999 1002 2
976 988 2
974 1003 2
1003 976 2
986 1003 2
988 1003 2
998 978 2
974 1004 2
978 1004 2
997 1004 2
1004 998 2
992 1001 2
986 1005 2
1005 992 2
997 1005 2
1001 1005 2
1004 1003 2
1003 1005 2
1005 1004 2
1006 1009 2
1006 1010 2
1009 1010 2
1007 1011 2
1007 1009 2
1011 1009 2
1008 1010 2
1008 1011 2
1010 1011 2
1012 1015 2
1012 1014 2
1015 1014 2
1007 1014 2
1007 1016 2
1014 1016 2
1013 1016 2
1013 1015 2
1016 1015 2
1017 1018 2
1017 1019 2
1018 1019 2
1008 1020 2
1008 1018 2
1020 1018 2
1013 1019 2
1013 1020 2
1019 1020 2
1016 1011 2
1011 1020 2
1020 1016 2
980 1024 2
980 1023 2
1024 1023 2
1021 1023 2
1021 1025 2
1023 1025 2
1022 1025 2
1022 1024 2
1025 1024 2
1012 1027 2
1012 1028 2
1027 1028 2
1021 1029 2
1021 1027 2
1029 1027 2
1026 1028 2
1026 1029 2
1028 1029 2
1030 1032 2
1030 1031 2
1032 1031 2
1022 1031 2
1022 1033 2
1031 1033 2
1026 1033 2
1026 1032 2
1033 1032 2
1025 1029 2
1033 1025 2
1029 1033 2
1034 1037 2
1034 1038 2
1037 1038 2
1035 1039 2
1035 1037 2
1039 1037 2
1036 1038 2
1036 1039 2
1038 1039 2
1017 1042 2
1017 1041 2
1042 1041 2
1035 1041 2
1035 1043 2
1041 1043 2
1040 1043 2
1040 1042 2
1043 1042 2
1030 1044 2
1030 1045 2
1044 1045 2
1036 1046 2
1036 1044 2
1046 1044 2
1040 1045 2
1040 1046 2
1045 1046 2
1043 1039 2
1039 1046 2
1046 1043 2
1028 1015 2
1013 1047 2
1015 1047 2
1026 1047 2
1047 1028 2
1019 1042 2
1013 1048 2
1048 1019 2
1040 1048 2
1042 1048 2
1045 1032 2
1026 1049 2
1032 1049 2
1040 1049 2
1049 1045 2
1047 1048 2
1049 1047 2
1048 1049 2
770 1051 2
1051 915 2
914 1052 2
915 1052 2
1050 1052 2
1050 1051 2
1052 1051 2
920 1054 2
921 1054 2
914 1055 2
1055 921 2
1053 1054 2
1053 1055 2
1054 1055 2
1056 1058 2
1056 1057 2
1058 1057 2
1050 1057 2
1050 1059 2
1057 1059 2
1053 1059 2
1053 1058 2
1059 1058 2
1052 1055 2
1059 1052 2
1055 1059 2
898 1061 2
936 1061 2
934 1062 2
1062 936 2
1060 1061 2
1060 1062 2
1061 1062 2
920 1064 2
1064 940 2
934 1065 2
940 1065 2
1063 1065 2
1063 1064 2
1065 1064 2
1066 1067 2
1066 1068 2
1067 1068 2
1060 1069 2
1060 1067 2
1069 1067 2
1063 1068 2
1063 1069 2
1068 1069 2
1065 1062 2
1062 1069 2
1069 1065 2
1034 1073 2
1034 1072 2
1073 1072 2
1070 1072 2
1070 1074 2
1072 1074 2
1071 1074 2
1071 1073 2
1074 1073 2
1056 1076 2
1056 1077 2
1076 1077 2
1070 1078 2
1070 1076 2
1078 1076 2
1075 1077 2
1075 1078 2
1077 1078 2
1066 1080 2
1066 1079 2
1080 1079 2
1071 1079 2
1071 1081 2
1079 1081 2
1075 1081 2
1075 1080 2
1081 1080 2
1074 1078 2
1081 1074 2
1078 1081 2
1054 1064 2
1053 1082 2
1082 1054 2
1063 1082 2
1064 1082 2
1077 1058 2
1053 1083 2
1058 1083 2
1075 1083 2
1083 1077 2
1068 1080 2
1063 1084 2
1084 1068 2
1075 1084 2
1080 1084 2
1083 1082 2
1082 1084 2
1084 1083 2
984 1024 2
982 1085 2
1085 984 2
1022 1085 2
1024 1085 2
990 1087 2
1087 991 2
982 1088 2
991 1088 2
1086 1088 2
1086 1087 2
1088 1087 2
1030 1089 2
1031 1089 2
1022 1090 2
1090 1031 2
1086 1089 2
1086 1090 2
1089 1090 2
1088 1085 2
1085 1090 2
1090 1088 2
1061 995 2
994 1091 2
995 1091 2
1060 1091 2
1091 1061 2
990 1093 2
1000 1093 2
994 1094 2
1094 1000 2
1092 1093 2
1092 1094 2
1093 1094 2
1066 1095 2
1095 1067 2
1060 1096 2
1067 1096 2
1092 1096 2
1092 1095 2
1096 1095 2
1091 1094 2
1096 1091 2
1094 1096 2
1038 1073 2
1036 1097 2
1097 1038 2
1071 1097 2
1073 1097 2
1030 1099 2
1099 1044 2
1036 1100 2
1044 1100 2
1098 1100 2
1098 1099 2
1100 1099 2
1066 1101 2
1079 1101 2
1071 1102 2
1102 1079 2
1098 1101 2
1098 1102 2
1101 1102 2
1100 1097 2
1097 1102 2
1102 1100 2
1093 1087 2
1086 1103 2
1087 1103 2
1092 1103 2
1103 1093 2
1089 1099 2
1086 1104 2
1104 1089 2
1098 1104 2
1099 1104 2
1101 1095 2
1092 1105 2
1095 1105 2
1098 1105 2
1105 1101 2
1103 1104 2
1105 1103 2
1104 1105 2
1006 1107 2
1010 1107 2
1106 1107 2
1106 1108 2
1107 1108 2
1008 1108 2
1108 1010 2
1109 1111 2
1109 1112 2
1111 1112 2
1106 1113 2
1106 1111 2
1113 1111 2
1110 1112 2
1110 1113 2
1112 1113 2
1017 1114 2
1114 1018 2
1008 1115 2
1018 1115 2
1110 1115 2
1110 1114 2
1115 1114 2
1108 1113 2
1115 1108 2
1113 1115 2
1116 1119 2
1116 1120 2
1119 1120 2
1117 1121 2
1117 1119 2
1121 1119 2
1118 1120 2
1118 1121 2
1120 1121 2
1109 1124 2
1109 1123 2
1124 1123 2
1117 1123 2
1117 1125 2
1123 1125 2
1122 1125 2
1122 1124 2
1125 1124 2
1126 1127 2
1126 1128 2
1127 1128 2
1118 1129 2
1118 1127 2
1129 1127 2
1122 1128 2
1122 1129 2
1128 1129 2
1125 1121 2
1121 1129 2
1129 1125 2
1034 1131 2
1131 1037 2
1035 1132 2
1037 1132 2
1130 1132 2
1130 1131 2
1132 1131 2
1017 1134 2
1041 1134 2
1035 1135 2
1135 1041 2
1133 1134 2
1133 1135 2
1134 1135 2
1126 1137 2
1126 1136 2
1137 1136 2
1130 1136 2
1130 1138 2
1136 1138 2
1133 1138 2
1133 1137 2
1138 1137 2
1132 1135 2
1138 1132 2
1135 1138 2
1112 1124 2
1110 1139 2
1139 1112 2
1122 1139 2
1124 1139 2
1134 1114 2
1110 1140 2
1114 1140 2
1133 1140 2
1140 1134 2
1128 1137 2
1122 1141 2
1141 1128 2
1133 1141 2
1137 1141 2
1140 1139 2
1139 1141 2
1141 1140 2
1142 1145 2
1142 1146 2
1145 1146 2
1143 1147 2
1143 1145 2
1147 1145 2
1144 1146 2
1144 1147 2
1146 1147 2
1148 1151 2
1148 1150 2
1151 1150 2
1143 1150 2
1143 1152 2
1150 1152 2
1149 1152 2
1149 1151 2
1152 1151 2
1153 1154 2
1153 1155 2
1154 1155 2
1144 1156 2
1144 1154 2
1156 1154 2
1149 1155 2
1149 1156 2
1155 1156 2
1152 1147 2
1147 1156 2
1156 1152 2
1116 1160 2
1116 1159 2
1160 1159 2
1157 1159 2
1157 1161 2
1159 1161 2
1158 1161 2
1158 1160 2
1161 1160 2
1148 1163 2
1148 1164 2
1163 1164 2
1157 1165 2
1157 1163 2
1165 1163 2
1162 1164 2
1162 1165 2
1164 1165 2
1166 1168 2
1166 1167 2
1168 1167 2
1158 1167 2
1158 1169 2
1167 1169 2
1162 1169 2
1162 1168 2
1169 1168 2
1161 1165 2
1169 1161 2
1165 1169 2
1170 1173 2
1170 1174 2
1173 1174 2
1171 1175 2
1171 1173 2
1175 1173 2
1172 1174 2
1172 1175 2
1174 1175 2
1153 1178 2
1153 1177 2
1178 1177 2
1171 1177 2
1171 1179 2
1177 1179 2
1176 1179 2
1176 1178 2
1179 1178 2
1166 1180 2
1166 1181 2
1180 1181 2
1172 1182 2
1172 1180 2
1182 1180 2
1176 1181 2
1176 1182 2
1181 1182 2
1179 1175 2
1175 1182 2
1182 1179 2
1164 1151 2
1149 1183 2
1151 1183 2
1162 1183 2
1183 1164 2
1155 1178 2
1149 1184 2
1184 1155 2
1176 1184 2
1178 1184 2
1181 1168 2
1162 1185 2
1168 1185 2
1176 1185 2
1185 1181 2
1183 1184 2
1185 1183 2
1184 1185 2
770 1187 2
1187 1051 2
1050 1188 2
1051 1188 2
1186 1188 2
1186 1187 2
1188 1187 2
1056 1190 2
1057 1190 2
1050 1191 2
1191 1057 2
1189 1190 2
1189 1191 2
1190 1191 2
1192 1194 2
1192 1193 2
1194 1193 2
1186 1193 2
1186 1195 2
1193 1195 2
1189 1195 2
1189 1194 2
1195 1194 2
1188 1191 2
1195 1188 2
1191 1195 2
1034 1197 2
1072 1197 2
1070 1198 2
1198 1072 2
1196 1197 2
1196 1198 2
1197 1198 2
1056 1200 2
1200 1076 2
1070 1201 2
1076 1201 2
1199 1201 2
1199 1200 2
1201 1200 2
1202 1203 2
1202 1204 2
1203 1204 2
1196 1205 2
1196 1203 2
1205 1203 2
1199 1204 2
1199 1205 2
1204 1205 2
1201 1198 2
1198 1205 2
1205 1201 2
1170 1209 2
1170 1208 2
1209 1208 2
1206 1208 2
1206 1210 2
1208 1210 2
1207 1210 2
1207 1209 2
1210 1209 2
1192 1212 2
1192 1213 2
1212 1213 2
1206 1214 2
1206 1212 2
1214 1212 2
1211 1213 2
1211 1214 2
1213 1214 2
1202 1216 2
1202 1215 2
1216 1215 2
1207 1215 2
1207 1217 2
1215 1217 2
1211 1217 2
1211 1216 2
1217 1216 2
1210 1214 2
1217 1210 2
1214 1217 2
1190 1200 2
1189 1218 2
1218 1190 2
1199 1218 2
1200 1218 2
1213 1194 2
1189 1219 2
1194 1219 2
1211 1219 2
1219 1213 2
1204 1216 2
1199 1220 2
1220 1204 2
1211 1220 2
1216 1220 2
1219 1218 2
1218 1220 2
1220 1219 2
1120 1160 2
1118 1221 2
1221 1120 2
1158 1221 2
1160 1221 2
1126 1223 2
1223 1127 2
1118 1224 2
1127 1224 2
1222 1224 2
1222 1223 2
1224 1223 2
1166 1225 2
1167 1225 2
1158 1226 2
1226 1167 2
1222 1225 2
1222 1226 2
1225 1226 2
1224 1221 2
1221 1226 2
1226 1224 2
1197 1131 2
1130 1227 2
1131 1227 2
1196 1227 2
1227 1197 2
1126 1229 2
1136 1229 2
1130 1230 2
1230 1136 2
1228 1229 2
1228 1230 2
1229 1230 2
1202 1231 2
1231 1203 2
1196 1232 2
1203 1232 2
1228 1232 2
1228 1231 2
1232 1231 2
1227 1230 2
1232 1227 2
1230 1232 2
1174 1209 2
1172 1233 2
1233 1174 2
1207 1233 2
1209 1233 2
1166 1235 2
1235 1180 2
1172 1236 2
1180 1236 2
1234 1236 2
1234 1235 2
1236 1235 2
1202 1237 2
1215 1237 2
1207 1238 2
1238 1215 2
1234 1237 2
1234 1238 2
1237 1238 2
1236 1233 2
1233 1238 2
1238 1236 2
1229 1223 2
1222 1239 2
1223 1239 2
1228 1239 2
1239 1229 2
1225 1235 2
1222 1240 2
1240 1225 2
1234 1240 2
1235 1240 2
1237 1231 2
1228 1241 2
1231 1241 2
1234 1241 2
1241 1237 2
1239 1240 2
1241 1239 2
1240 1241 2
681 1243 2
1243 685 2
1242 1244 2
1242 1243 2
1244 1243 2
683 1244 2
685 1244 2
1245 1248 2
1245 1247 2
1248 1247 2
1242 1247 2
1242 1249 2
1247 1249 2
1246 1249 2
1246 1248 2
1249 1248 2
692 1250 2
693 1250 2
683 1251 2
1251 693 2
1246 1250 2
1246 1251 2
1250 1251 2
1249 1244 2
1244 1251 2
1251 1249 2
1252 1256 2
1252 1255 2
1256 1255 2
1253 1255 2
1253 1257 2
1255 1257 2
1254 1257 2
1254 1256 2
1257 1256 2
1245 1259 2
1245 1260 2
1259 1260 2
1253 1261 2
1253 1259 2
1261 1259 2
1258 1260 2
1258 1261 2
1260 1261 2
1262 1264 2
1262 1263 2
1264 1263 2
1254 1263 2
1254 1265 2
1263 1265 2
1258 1265 2
1258 1264 2
1265 1264 2
1257 1261 2
1265 1257 2
1261 1265 2
710 1267 2
713 1267 2
711 1268 2
1268 713 2
1266 1267 2
1266 1268 2
1267 1268 2
692 1270 2
1270 717 2
711 1271 2
717 1271 2
1269 1271 2
1269 1270 2
1271 1270 2
1262 1272 2
1262 1273 2
1272 1273 2
1266 1274 2
1266 1272 2
1274 1272 2
1269 1273 2
1269 1274 2
1273 1274 2
1271 1268 2
1268 1274 2
1274 1271 2
1260 1248 2
1246 1275 2
1248 1275 2
1258 1275 2
1275 1260 2
1250 1270 2
1246 1276 2
1276 1250 2
1269 1276 2
1270 1276 2
1273 1264 2
1258 1277 2
1264 1277 2
1269 1277 2
1277 1273 2
1275 1276 2
1277 1275 2
1276 1277 2
1142 1279 2
1146 1279 2
1278 1279 2
1278 1280 2
1279 1280 2
1144 1280 2
1280 1146 2
1281 1283 2
1281 1284 2
1283 1284 2
1278 1285 2
1278 1283 2
1285 1283 2
1282 1284 2
1282 1285 2
1284 1285 2
1153 1286 2
1286 1154 2
1144 1287 2
1154 1287 2
1282 1287 2
1282 1286 2
1287 1286 2
1280 1285 2
1287 1280 2
1285 1287 2
1252 1290 2
1252 1291 2
1290 1291 2
1288 1292 2
1288 1290 2
1292 1290 2
1289 1291 2
1289 1292 2
1291 1292 2
1281 1295 2
1281 1294 2
1295 1294 2
1288 1294 2
1288 1296 2
1294 1296 2
1293 1296 2
1293 1295 2
1296 1295 2
1297 1298 2
1297 1299 2
1298 1299 2
1289 1300 2
1289 1298 2
1300 1298 2
1293 1299 2
1293 1300 2
1299 1300 2
1296 1292 2
1292 1300 2
1300 1296 2
1170 1302 2
1302 1173 2
1171 1303 2
1173 1303 2
1301 1303 2
1301 1302 2
1303 1302 2
1153 1305 2
1177 1305 2
1171 1306 2
1306 1177 2
1304 1305 2
1304 1306 2
1305 1306 2
1297 1308 2
1297 1307 2
1308 1307 2
1301 1307 2
1301 1309 2
1307 1309 2
1304 1309 2
1304 1308 2
1309 1308 2
1303 1306 2
1309 1303 2
1306 1309 2
1284 1295 2
1282 1310 2
1310 1284 2
1293 1310 2
1295 1310 2
1305 1286 2
1282 1311 2
1286 1311 2
1304 1311 2
1311 1305 2
1299 1308 2
1293 1312 2
1312 1299 2
1304 1312 2
1308 1312 2
1311 1310 2
1310 1312 2
1312 1311 2
773 1187 2
771 1313 2
1313 773 2
1186 1313 2
1187 1313 2
776 1315 2
1315 778 2
771 1316 2
778 1316 2
1314 1316 2
1314 1315 2
1316 1315 2
1192 1317 2
1193 1317 2
1186 1318 2
1318 1193 2
1314 1317 2
1314 1318 2
1317 1318 2
1316 1313 2
1313 1318 2
1318 1316 2
710 1320 2
1320 787 2
785 1321 2
787 1321 2
1319 1321 2
1319 1320 2
1321 1320 2
776 1323 2
791 1323 2
785 1324 2
1324 791 2
1322 1323 2
1322 1324 2
1323 1324 2
1325 1327 2
1325 1326 2
1327 1326 2
1319 1326 2
1319 1328 2
1326 1328 2
1322 1328 2
1322 1327 2
1328 1327 2
1321 1324 2
1328 1321 2
1324 1328 2
1170 1330 2
1208 1330 2
1206 1331 2
1331 1208 2
1329 1330 2
1329 1331 2
1330 1331 2
1192 1333 2
1333 1212 2
1206 1334 2
1212 1334 2
1332 1334 2
1332 1333 2
1334 1333 2
1325 1335 2
1325 1336 2
1335 1336 2
1329 1337 2
1329 1335 2
1337 1335 2
1332 1336 2
1332 1337 2
1336 1337 2
1334 1331 2
1331 1337 2
1337 1334 2
1323 1315 2
1314 1338 2
1315 1338 2
1322 1338 2
1338 1323 2
1317 1333 2
1314 1339 2
1339 1317 2
1332 1339 2
1333 1339 2
1336 1327 2
1322 1340 2
1327 1340 2
1332 1340 2
1340 1336 2
1338 1339 2
1340 1338 2
1339 1340 2
1291 1256 2
1254 1341 2
1256 1341 2
1289 1341 2
1341 1291 2
1262 1343 2
1263 1343 2
1254 1344 2
1344 1263 2
1342 1343 2
1342 1344 2
1343 1344 2
1297 1345 2
1345 1298 2
1289 1346 2
1298 1346 2
1342 1346 2
1342 1345 2
1346 1345 2
1341 1344 2
1346 1341 2
1344 1346 2
1267 1320 2
1266 1347 2
1347 1267 2
1319 1347 2
1320 1347 2
1262 1349 2
1349 1272 2
1266 1350 2
1272 1350 2
1348 1350 2
1348 1349 2
1350 1349 2
1325 1351 2
1326 1351 2
1319 1352 2
1352 1326 2
1348 1351 2
1348 1352 2
1351 1352 2
1350 1347 2
1347 1352 2
1352 1350 2
1330 1302 2
1301 1353 2
1302 1353 2
1329 1353 2
1353 1330 2
1297 1355 2
1307 1355 2
1301 1356 2
1356 1307 2
1354 1355 2
1354 1356 2
1355 1356 2
1325 1357 2
1357 1335 2
1329 1358 2
1335 1358 2
1354 1358 2
1354 1357 2
1358 1357 2
1353 1356 2
1358 1353 2
1356 1358 2
1343 1349 2
1342 1359 2
1359 1343 2
1348 1359 2
1349 1359 2
1355 1345 2
1342 1360 2
1345 1360 2
1354 1360 2
1360 1355 2
1351 1357 2
1348 1361 2
1361 1351 2
1354 1361 2
1357 1361 2
1360 1359 2
1359 1361 2
1361 1360 2
45 1363 2
1363 49 2
47 1364 2
49 1364 2
1362 1364 2
1362 1363 2
1364 1363 2
56 1366 2
57 1366 2
47 1367 2
1367 57 2
1365 1366 2
1365 1367 2
1366 1367 2
1368 1370 2
1368 1369 2
1370 1369 2
1362 1369 2
1362 1371 2
1369 1371 2
1365 1371 2
1365 1370 2
1371 1370 2
1364 1367 2
1371 1364 2
1367 1371 2
73 1373 2
76 1373 2
74 1374 2
1374 76 2
1372 1373 2
1372 1374 2
1373 1374 2
56 1376 2
1376 80 2
74 1377 2
80 1377 2
1375 1377 2
1375 1376 2
1377 1376 2
1378 1379 2
1378 1380 2
1379 1380 2
1372 1381 2
1372 1379 2
1381 1379 2
1375 1380 2
1375 1381 2
1380 1381 2
1377 1374 2
1374 1381 2
1381 1377 2
1382 1386 2
1382 1385 2
1386 1385 2
1383 1385 2
1383 1387 2
1385 1387 2
1384 1387 2
1384 1386 2
1387 1386 2
1368 1389 2
1368 1390 2
1389 1390 2
1383 1391 2
1383 1389 2
1391 1389 2
1388 1390 2
1388 1391 2
1390 1391 2
1378 1393 2
1378 1392 2
1393 1392 2
1384 1392 2
1384 1394 2
1392 1394 2
1388 1394 2
1388 1393 2
1394 1393 2
1387 1391 2
1394 1387 2
1391 1394 2
1366 1376 2
1365 1395 2
1395 1366 2
1375 1395 2
1376 1395 2
1390 1370 2
1365 1396 2
1370 1396 2
1388 1396 2
1396 1390 2
1380 1393 2
1375 1397 2
1397 1380 2
1388 1397 2
1393 1397 2
1396 1395 2
1395 1397 2
1397 1396 2
89 1399 2
93 1399 2
91 1400 2
1400 93 2
1398 1399 2
1398 1400 2
1399 1400 2
100 1402 2
1402 101 2
91 1403 2
101 1403 2
1401 1403 2
1401 1402 2
1403 1402 2
1404 1405 2
1404 1406 2
1405 1406 2
1398 1407 2
1398 1405 2
1407 1405 2
1401 1406 2
1401 1407 2
1406 1407 2
1403 1400 2
1400 1407 2
1407 1403 2
73 1409 2
1409 119 2
117 1410 2
119 1410 2
1408 1410 2
1408 1409 2
1410 1409 2
100 1412 2
123 1412 2
117 1413 2
1413 123 2
1411 1412 2
1411 1413 2
1412 1413 2
1414 1416 2
1414 1415 2
1416 1415 2
1408 1415 2
1408 1417 2
1415 1417 2
1411 1417 2
1411 1416 2
1417 1416 2
1410 1413 2
1417 1410 2
1413 1417 2
1418 1421 2
1418 1422 2
1421 1422 2
1419 1423 2
1419 1421 2
1423 1421 2
1420 1422 2
1420 1423 2
1422 1423 2
1404 1426 2
1404 1425 2
1426 1425 2
1419 1425 2
1419 1427 2
1425 1427 2
1424 1427 2
1424 1426 2
1427 1426 2
1414 1428 2
1414 1429 2
1428 1429 2
1420 1430 2
1420 1428 2
1430 1428 2
1424 1429 2
1424 1430 2
1429 1430 2
1427 1423 2
1423 1430 2
1430 1427 2
1412 1402 2
1401 1431 2
1402 1431 2
1411 1431 2
1431 1412 2
1406 1426 2
1401 1432 2
1432 1406 2
1424 1432 2
1426 1432 2
1429 1416 2
1411 1433 2
1416 1433 2
1424 1433 2
1433 1429 2
1431 1432 2
1433 1431 2
1432 1433 2
681 1437 2
681 1436 2
1437 1436 2
1434 1436 2
1434 1438 2
1436 1438 2
1435 1438 2
1435 1437 2
1438 1437 2
1439 1441 2
1439 1442 2
1441 1442 2
1434 1443 2
1434 1441 2
1443 1441 2
1440 1442 2
1440 1443 2
1442 1443 2
1444 1446 2
1444 1445 2
1446 1445 2
1435 1445 2
1435 1447 2
1445 1447 2
1440 1447 2
1440 1446 2
1447 1446 2
1438 1443 2
1447 1438 2
1443 1447 2
1382 1450 2
1382 1451 2
1450 1451 2
1448 1452 2
1448 1450 2
1452 1450 2
1449 1451 2
1449 1452 2
1451 1452 2
1439 1455 2
1439 1454 2
1455 1454 2
1448 1454 2
1448 1456 2
1454 1456 2
1453 1456 2
1453 1455 2
1456 1455 2
1457 1458 2
1457 1459 2
1458 1459 2
1449 1460 2
1449 1458 2
1460 1458 2
1453 1459 2
1453 1460 2
1459 1460 2
1456 1452 2
1452 1460 2
1460 1456 2
1418 1464 2
1418 1463 2
1464 1463 2
1461 1463 2
1461 1465 2
1463 1465 2
1462 1465 2
1462 1464 2
1465 1464 2
1444 1467 2
1444 1468 2
1467 1468 2
1461 1469 2
1461 1467 2
1469 1467 2
1466 1468 2
1466 1469 2
1468 1469 2
1457 1471 2
1457 1470 2
1471 1470 2
1462 1470 2
1462 1472 2
1470 1472 2
1466 1472 2
1466 1471 2
1472 1471 2
1465 1469 2
1472 1465 2
1469 1472 2
1442 1455 2
1440 1473 2
1473 1442 2
1453 1473 2
1455 1473 2
1468 1446 2
1440 1474 2
1446 1474 2
1466 1474 2
1474 1468 2
1459 1471 2
1453 1475 2
1475 1459 2
1466 1475 2
1471 1475 2
1474 1473 2
1473 1475 2
1475 1474 2
1373 1409 2
1372 1476 2
1476 1373 2
1408 1476 2
1409 1476 2
1378 1478 2
1478 1379 2
1372 1479 2
1379 1479 2
1477 1479 2
1477 1478 2
1479 1478 2
1414 1480 2
1415 1480 2
1408 1481 2
1481 1415 2
1477 1480 2
1477 1481 2
1480 1481 2
1479 1476 2
1476 1481 2
1481 1479 2
1451 1386 2
1384 1482 2
1386 1482 2
1449 1482 2
1482 1451 2
1378 1484 2
1392 1484 2
1384 1485 2
1485 1392 2
1483 1484 2
1483 1485 2
1484 1485 2
1457 1486 2
1486 1458 2
1449 1487 2
1458 1487 2
1483 1487 2
1483 1486 2
1487 1486 2
1482 1485 2
1487 1482 2
1485 1487 2
1422 1464 2
1420 1488 2
1488 1422 2
1462 1488 2
1464 1488 2
1414 1490 2
1490 1428 2
1420 1491 2
1428 1491 2
1489 1491 2
1489 1490 2
1491 1490 2
1457 1492 2
1470 1492 2
1462 1493 2
1493 1470 2
1489 1492 2
1489 1493 2
1492 1493 2
1491 1488 2
1488 1493 2
1493 1491 2
1484 1478 2
1477 1494 2
1478 1494 2
1483 1494 2
1494 1484 2
1480 1490 2
1477 1495 2
1495 1480 2
1489 1495 2
1490 1495 2
1492 1486 2
1483 1496 2
1486 1496 2
1489 1496 2
1496 1492 2
1494 1495 2
1496 1494 2
1495 1496 2
89 1498 2
1498 190 2
189 1499 2
190 1499 2
1497 1499 2
1497 1498 2
1499 1498 2
195 1501 2
196 1501 2
189 1502 2
1502 196 2
1500 1501 2
1500 1502 2
1501 1502 2
1503 1505 2
1503 1504 2
1505 1504 2
1497 1504 2
1497 1506 2
1504 1506 2
1500 1506 2
1500 1505 2
1506 1505 2
1499 1502 2
1506 1499 2
1502 1506 2
209 1508 2
212 1508 2
210 1509 2
1509 212 2
1507 1508 2
1507 1509 2
1508 1509 2
195 1511 2
1511 216 2
210 1512 2
216 1512 2
1510 1512 2
1510 1511 2
1512 1511 2
1513 1514 2
1513 1515 2
1514 1515 2
1507 1516 2
1507 1514 2
1516 1514 2
1510 1515 2
1510 1516 2
1515 1516 2
1512 1509 2
1509 1516 2
1516 1512 2
1517 1521 2
1517 1520 2
1521 1520 2
1518 1520 2
1518 1522 2
1520 1522 2
1519 1522 2
1519 1521 2
1522 1521 2
1503 1524 2
1503 1525 2
1524 1525 2
1518 1526 2
1518 1524 2
1526 1524 2
1523 1525 2
1523 1526 2
1525 1526 2
1513 1528 2
1513 1527 2
1528 1527 2
1519 1527 2
1519 1529 2
1527 1529 2
1523 1529 2
1523 1528 2
1529 1528 2
1522 1526 2
1529 1522 2
1526 1529 2
1501 1511 2
1500 1530 2
1530 1501 2
1510 1530 2
1511 1530 2
1525 1505 2
1500 1531 2
1505 1531 2
1523 1531 2
1531 1525 2
1515 1528 2
1510 1532 2
1532 1515 2
1523 1532 2
1528 1532 2
1531 1530 2
1530 1532 2
1532 1531 2
225 1534 2
229 1534 2
227 1535 2
1535 229 2
1533 1534 2
1533 1535 2
1534 1535 2
236 1537 2
1537 237 2
227 1538 2
237 1538 2
1536 1538 2
1536 1537 2
1538 1537 2
1539 1540 2
1539 1541 2
1540 1541 2
1533 1542 2
1533 1540 2
1542 1540 2
1536 1541 2
1536 1542 2
1541 1542 2
1538 1535 2
1535 1542 2
1542 1538 2
209 1544 2
1544 255 2
253 1545 2
255 1545 2
1543 1545 2
1543 1544 2
1545 1544 2
236 1547 2
259 1547 2
253 1548 2
1548 259 2
1546 1547 2
1546 1548 2
1547 1548 2
1549 1551 2
1549 1550 2
1551 1550 2
1543 1550 2
1543 1552 2
1550 1552 2
1546 1552 2
1546 1551 2
1552 1551 2
1545 1548 2
1552 1545 2
1548 1552 2
1553 1556 2
1553 1557 2
1556 1557 2
1554 1558 2
1554 1556 2
1558 1556 2
1555 1557 2
1555 1558 2
1557 1558 2
1539 1561 2
1539 1560 2
1561 1560 2
1554 1560 2
1554 1562 2
1560 1562 2
1559 1562 2
1559 1561 2
1562 1561 2
1549 1563 2
1549 1564 2
1563 1564 2
1555 1565 2
1555 1563 2
1565 1563 2
1559 1564 2
1559 1565 2
1564 1565 2
1562 1558 2
1558 1565 2
1565 1562 2
1547 1537 2
1536 1566 2
1537 1566 2
1546 1566 2
1566 1547 2
1541 1561 2
1536 1567 2
1567 1541 2
1559 1567 2
1561 1567 2
1564 1551 2
1546 1568 2
1551 1568 2
1559 1568 2
1568 1564 2
1566 1567 2
1568 1566 2
1567 1568 2
726 1572 2
726 1571 2
1572 1571 2
1569 1571 2
1569 1573 2
1571 1573 2
1570 1573 2
1570 1572 2
1573 1572 2
1574 1576 2
1574 1577 2
1576 1577 2
1569 1578 2
1569 1576 2
1578 1576 2
1575 1577 2
1575 1578 2
1577 1578 2
1579 1581 2
1579 1580 2
1581 1580 2
1570 1580 2
1570 1582 2
1580 1582 2
1575 1582 2
1575 1581 2
1582 1581 2
1573 1578 2
1582 1573 2
1578 1582 2
1517 1585 2
1517 1586 2
1585 1586 2
1583 1587 2
1583 1585 2
1587 1585 2
1584 1586 2
1584 1587 2
1586 1587 2
1574 1590 2
1574 1589 2
1590 1589 2
1583 1589 2
1583 1591 2
1589 1591 2
1588 1591 2
1588 1590 2
1591 1590 2
1592 1593 2
1592 1594 2
1593 1594 2
1584 1595 2
1584 1593 2
1595 1593 2
1588 1594 2
1588 1595 2
1594 1595 2
1591 1587 2
1587 1595 2
1595 1591 2
1553 1599 2
1553 1598 2
1599 1598 2
1596 1598 2
1596 1600 2
1598 1600 2
1597 1600 2
1597 1599 2
1600 1599 2
1579 1602 2
1579 1603 2
1602 1603 2
1596 1604 2
1596 1602 2
1604 1602 2
1601 1603 2
1601 1604 2
1603 1604 2
1592 1606 2
1592 1605 2
1606 1605 2
1597 1605 2
1597 1607 2
1605 1607 2
1601 1607 2
1601 1606 2
1607 1606 2
1600 1604 2
1607 1600 2
1604 1607 2
1577 1590 2
1575 1608 2
1608 1577 2
1588 1608 2
1590 1608 2
1603 1581 2
1575 1609 2
1581 1609 2
1601 1609 2
1609 1603 2
1594 1606 2
1588 1610 2
1610 1594 2
1601 1610 2
1606 1610 2
1609 1608 2
1608 1610 2
1610 1609 2
1508 1544 2
1507 1611 2
1611 1508 2
1543 1611 2
1544 1611 2
1513 1613 2
1613 1514 2
1507 1614 2
1514 1614 2
1612 1614 2
1612 1613 2
1614 1613 2
1549 1615 2
1550 1615 2
1543 1616 2
1616 1550 2
1612 1615 2
1612 1616 2
1615 1616 2
1614 1611 2
1611 1616 2
1616 1614 2
1586 1521 2
1519 1617 2
1521 1617 2
1584 1617 2
1617 1586 2
1513 1619 2
1527 1619 2
1519 1620 2
1620 1527 2
1618 1619 2
1618 1620 2
1619 1620 2
1592 1621 2
1621 1593 2
1584 1622 2
1593 1622 2
1618 1622 2
1618 1621 2
1622 1621 2
1617 1620 2
1622 1617 2
1620 1622 2
1557 1599 2
1555 1623 2
1623 1557 2
1597 1623 2
1599 1623 2
1549 1625 2
1625 1563 2
1555 1626 2
1563 1626 2
1624 1626 2
1624 1625 2
1626 1625 2
1592 1627 2
1605 1627 2
1597 1628 2
1628 1605 2
1624 1627 2
1624 1628 2
1627 1628 2
1626 1623 2
1623 1628 2
1628 1626 2
1619 1613 2
1612 1629 2
1613 1629 2
1618 1629 2
1629 1619 2
1615 1625 2
1612 1630 2
1630 1615 2
1624 1630 2
1625 1630 2
1627 1621 2
1618 1631 2
1621 1631 2
1624 1631 2
1631 1627 2
1629 1630 2
1631 1629 2
1630 1631 2
225 1633 2
1633 326 2
325 1634 2
326 1634 2
1632 1634 2
1632 1633 2
1634 1633 2
331 1636 2
332 1636 2
325 1637 2
1637 332 2
1635 1636 2
1635 1637 2
1636 1637 2
1638 1640 2
1638 1639 2
1640 1639 2
1632 1639 2
1632 1641 2
1639 1641 2
1635 1641 2
1635 1640 2
1641 1640 2
1634 1637 2
1641 1634 2
1637 1641 2
345 1643 2
348 1643 2
346 1644 2
1644 348 2
1642 1643 2
1642 1644 2
1643 1644 2
331 1646 2
1646 352 2
346 1647 2
352 1647 2
1645 1647 2
1645 1646 2
1647 1646 2
1648 1649 2
1648 1650 2
1649 1650 2
1642 1651 2
1642 1649 2
1651 1649 2
1645 1650 2
1645 1651 2
1650 1651 2
1647 1644 2
1644 1651 2
1651 1647 2
1652 1656 2
1652 1655 2
1656 1655 2
1653 1655 2
1653 1657 2
1655 1657 2
1654 1657 2
1654 1656 2
1657 1656 2
1638 1659 2
1638 1660 2
1659 1660 2
1653 1661 2
1653 1659 2
1661 1659 2
1658 1660 2
1658 1661 2
1660 1661 2
1648 1663 2
1648 1662 2
1663 1662 2
1654 1662 2
1654 1664 2
1662 1664 2
1658 1664 2
1658 1663 2
1664 1663 2
1657 1661 2
1664 1657 2
1661 1664 2
1636 1646 2
1635 1665 2
1665 1636 2
1645 1665 2
1646 1665 2
1660 1640 2
1635 1666 2
1640 1666 2
1658 1666 2
1666 1660 2
1650 1663 2
1645 1667 2
1667 1650 2
1658 1667 2
1663 1667 2
1666 1665 2
1665 1667 2
1667 1666 2
361 1669 2
365 1669 2
363 1670 2
1670 365 2
1668 1669 2
1668 1670 2
1669 1670 2
372 1672 2
1672 373 2
363 1673 2
373 1673 2
1671 1673 2
1671 1672 2
1673 1672 2
1674 1675 2
1674 1676 2
1675 1676 2
1668 1677 2
1668 1675 2
1677 1675 2
1671 1676 2
1671 1677 2
1676 1677 2
1673 1670 2
1670 1677 2
1677 1673 2
345 1679 2
1679 391 2
389 1680 2
391 1680 2
1678 1680 2
1678 1679 2
1680 1679 2
372 1682 2
395 1682 2
389 1683 2
1683 395 2
1681 1682 2
1681 1683 2
1682 1683 2
1684 1686 2
1684 1685 2
1686 1685 2
1678 1685 2
1678 1687 2
1685 1687 2
1681 1687 2
1681 1686 2
1687 1686 2
1680 1683 2
1687 1680 2
1683 1687 2
1688 1691 2
1688 1692 2
1691 1692 2
1689 1693 2
1689 1691 2
1693 1691 2
1690 1692 2
1690 1693 2
1692 1693 2
1674 1696 2
1674 1695 2
1696 1695 2
1689 1695 2
1689 1697 2
1695 1697 2
1694 1697 2
1694 1696 2
1697 1696 2
1684 1698 2
1684 1699 2
1698 1699 2
1690 1700 2
1690 1698 2
1700 1698 2
1694 1699 2
1694 1700 2
1699 1700 2
1697 1693 2
1693 1700 2
1700 1697 2
1682 1672 2
1671 1701 2
1672 1701 2
1681 1701 2
1701 1682 2
1676 1696 2
1671 1702 2
1702 1676 2
1694 1702 2
1696 1702 2
1699 1686 2
1681 1703 2
1686 1703 2
1694 1703 2
1703 1699 2
1701 1702 2
1703 1701 2
1702 1703 2
870 1707 2
870 1706 2
1707 1706 2
1704 1706 2
1704 1708 2
1706 1708 2
1705 1708 2
1705 1707 2
1708 1707 2
1709 1711 2
1709 1712 2
1711 1712 2
1704 1713 2
1704 1711 2
1713 1711 2
1710 1712 2
1710 1713 2
1712 1713 2
1714 1716 2
1714 1715 2
1716 1715 2
1705 1715 2
1705 1717 2
1715 1717 2
1710 1717 2
1710 1716 2
1717 1716 2
1708 1713 2
1717 1708 2
1713 1717 2
1652 1720 2
1652 1721 2
1720 1721 2
1718 1722 2
1718 1720 2
1722 1720 2
1719 1721 2
1719 1722 2
1721 1722 2
1709 1725 2
1709 1724 2
1725 1724 2
1718 1724 2
1718 1726 2
1724 1726 2
1723 1726 2
1723 1725 2
1726 1725 2
1727 1728 2
1727 1729 2
1728 1729 2
1719 1730 2
1719 1728 2
1730 1728 2
1723 1729 2
1723 1730 2
1729 1730 2
1726 1722 2
1722 1730 2
1730 1726 2
1688 1734 2
1688 1733 2
1734 1733 2
1731 1733 2
1731 1735 2
1733 1735 2
1732 1735 2
1732 1734 2
1735 1734 2
1714 1737 2
1714 1738 2
1737 1738 2
1731 1739 2
1731 1737 2
1739 1737 2
1736 1738 2
1736 1739 2
1738 1739 2
1727 1741 2
1727 1740 2
1741 1740 2
1732 1740 2
1732 1742 2
1740 1742 2
1736 1742 2
1736 1741 2
1742 1741 2
1735 1739 2
1742 1735 2
1739 1742 2
1712 1725 2
1710 1743 2
1743 1712 2
1723 1743 2
1725 1743 2
1738 1716 2
1710 1744 2
1716 1744 2
1736 1744 2
1744 1738 2
1729 1741 2
1723 1745 2
1745 1729 2
1736 1745 2
1741 1745 2
1744 1743 2
1743 1745 2
1745 1744 2
1643 1679 2
1642 1746 2
1746 1643 2
1678 1746 2
1679 1746 2
1648 1748 2
1748 1649 2
1642 1749 2
1649 1749 2
1747 1749 2
1747 1748 2
1749 1748 2
1684 1750 2
1685 1750 2
1678 1751 2
1751 1685 2
1747 1750 2
1747 1751 2
1750 1751 2
1749 1746 2
1746 1751 2
1751 1749 2
1721 1656 2
1654 1752 2
1656 1752 2
1719 1752 2
1752 1721 2
1648 1754 2
1662 1754 2
1654 1755 2
1755 1662 2
1753 1754 2
1753 1755 2
1754 1755 2
1727 1756 2
1756 1728 2
1719 1757 2
1728 1757 2
1753 1757 2
1753 1756 2
1757 1756 2
1752 1755 2
1757 1752 2
1755 1757 2
1692 1734 2
1690 1758 2
1758 1692 2
1732 1758 2
1734 1758 2
1684 1760 2
1760 1698 2
1690 1761 2
1698 1761 2
1759 1761 2
1759 1760 2
1761 1760 2
1727 1762 2
1740 1762 2
1732 1763 2
1763 1740 2
1759 1762 2
1759 1763 2
1762 1763 2
1761 1758 2
1758 1763 2
1763 1761 2
1754 1748 2
1747 1764 2
1748 1764 2
1753 1764 2
1764 1754 2
1750 1760 2
1747 1765 2
1765 1750 2
1759 1765 2
1760 1765 2
1762 1756 2
1753 1766 2
1756 1766 2
1759 1766 2
1766 1762 2
1764 1765 2
1766 1764 2
1765 1766 2
361 1768 2
1768 462 2
461 1769 2
462 1769 2
1767 1769 2
1767 1768 2
1769 1768 2
467 1771 2
468 1771 2
461 1772 2
1772 468 2
1770 1771 2
1770 1772 2
1771 1772 2
1773 1775 2
1773 1774 2
1775 1774 2
1767 1774 2
1767 1776 2
1774 1776 2
1770 1776 2
1770 1775 2
1776 1775 2
1769 1772 2
1776 1769 2
1772 1776 2
481 1778 2
484 1778 2
482 1779 2
1779 484 2
1777 1778 2
1777 1779 2
1778 1779 2
467 1781 2
1781 488 2
482 1782 2
488 1782 2
1780 1782 2
1780 1781 2
1782 1781 2
1783 1784 2
1783 1785 2
1784 1785 2
1777 1786 2
1777 1784 2
1786 1784 2
1780 1785 2
1780 1786 2
1785 1786 2
1782 1779 2
1779 1786 2
1786 1782 2
1787 1791 2
1787 1790 2
1791 1790 2
1788 1790 2
1788 1792 2
1790 1792 2
1789 1792 2
1789 1791 2
1792 1791 2
1773 1794 2
1773 1795 2
1794 1795 2
1788 1796 2
1788 1794 2
1796 1794 2
1793 1795 2
1793 1796 2
1795 1796 2
1783 1798 2
1783 1797 2
1798 1797 2
1789 1797 2
1789 1799 2
1797 1799 2
1793 1799 2
1793 1798 2
1799 1798 2
1792 1796 2
1799 1792 2
1796 1799 2
1771 1781 2
1770 1800 2
1800 1771 2
1780 1800 2
1781 1800 2
1795 1775 2
1770 1801 2
1775 1801 2
1793 1801 2
1801 1795 2
1785 1798 2
1780 1802 2
1802 1785 2
1793 1802 2
1798 1802 2
1801 1800 2
1800 1802 2
1802 1801 2
497 1804 2
501 1804 2
499 1805 2
1805 501 2
1803 1804 2
1803 1805 2
1804 1805 2
508 1807 2
1807 509 2
499 1808 2
509 1808 2
1806 1808 2
1806 1807 2
1808 1807 2
1809 1810 2
1809 1811 2
1810 1811 2
1803 1812 2
1803 1810 2
1812 1810 2
1806 1811 2
1806 1812 2
1811 1812 2
1808 1805 2
1805 1812 2
1812 1808 2
481 1814 2
1814 527 2
525 1815 2
527 1815 2
1813 1815 2
1813 1814 2
1815 1814 2
508 1817 2
531 1817 2
525 1818 2
1818 531 2
1816 1817 2
1816 1818 2
1817 1818 2
1819 1821 2
1819 1820 2
1821 1820 2
1813 1820 2
1813 1822 2
1820 1822 2
1816 1822 2
1816 1821 2
1822 1821 2
1815 1818 2
1822 1815 2
1818 1822 2
1823 1826 2
1823 1827 2
1826 1827 2
1824 1828 2
1824 1826 2
1828 1826 2
1825 1827 2
1825 1828 2
1827 1828 2
1809 1831 2
1809 1830 2
1831 1830 2
1824 1830 2
1824 1832 2
1830 1832 2
1829 1832 2
1829 1831 2
1832 1831 2
1819 1833 2
1819 1834 2
1833 1834 2
1825 1835 2
1825 1833 2
1835 1833 2
1829 1834 2
1829 1835 2
1834 1835 2
1832 1828 2
1828 1835 2
1835 1832 2
1817 1807 2
1806 1836 2
1807 1836 2
1816 1836 2
1836 1817 2
1811 1831 2
1806 1837 2
1837 1811 2
1829 1837 2
1831 1837 2
1834 1821 2
1816 1838 2
1821 1838 2
1829 1838 2
1838 1834 2
1836 1837 2
1838 1836 2
1837 1838 2
1006 1842 2
1006 1841 2
1842 1841 2
1839 1841 2
1839 1843 2
1841 1843 2
1840 1843 2
1840 1842 2
1843 1842 2
1844 1846 2
1844 1847 2
1846 1847 2
1839 1848 2
1839 1846 2
1848 1846 2
1845 1847 2
1845 1848 2
1847 1848 2
1849 1851 2
1849 1850 2
1851 1850 2
1840 1850 2
1840 1852 2
1850 1852 2
1845 1852 2
1845 1851 2
1852 1851 2
1843 1848 2
1852 1843 2
1848 1852 2
1787 1855 2
1787 1856 2
1855 1856 2
1853 1857 2
1853 1855 2
1857 1855 2
1854 1856 2
1854 1857 2
1856 1857 2
1844 1860 2
1844 1859 2
1860 1859 2
1853 1859 2
1853 1861 2
1859 1861 2
1858 1861 2
1858 1860 2
1861 1860 2
1862 1863 2
1862 1864 2
1863 1864 2
1854 1865 2
1854 1863 2
1865 1863 2
1858 1864 2
1858 1865 2
1864 1865 2
1861 1857 2
1857 1865 2
1865 1861 2
1823 1869 2
1823 1868 2
1869 1868 2
1866 1868 2
1866 1870 2
1868 1870 2
1867 1870 2
1867 1869 2
1870 1869 2
1849 1872 2
1849 1873 2
1872 1873 2
1866 1874 2
1866 1872 2
1874 1872 2
1871 1873 2
1871 1874 2
1873 1874 2
1862 1876 2
1862 1875 2
1876 1875 2
1867 1875 2
1867 1877 2
1875 1877 2
1871 1877 2
1871 1876 2
1877 1876 2
1870 1874 2
1877 1870 2
1874 1877 2
1847 1860 2
1845 1878 2
1878 1847 2
1858 1878 2
1860 1878 2
1873 1851 2
1845 1879 2
1851 1879 2
1871 1879 2
1879 1873 2
1864 1876 2
1858 1880 2
1880 1864 2
1871 1880 2
1876 1880 2
1879 1878 2
1878 1880 2
1880 1879 2
1778 1814 2
1777 1881 2
1881 1778 2
1813 1881 2
1814 1881 2
1783 1883 2
1883 1784 2
1777 1884 2
1784 1884 2
1882 1884 2
1882 1883 2
1884 1883 2
1819 1885 2
1820 1885 2
1813 1886 2
1886 1820 2
1882 1885 2
1882 1886 2
1885 1886 2
1884 1881 2
1881 1886 2
1886 1884 2
1856 1791 2
1789 1887 2
1791 1887 2
1854 1887 2
1887 1856 2
1783 1889 2
1797 1889 2
1789 1890 2
1890 1797 2
1888 1889 2
1888 1890 2
1889 1890 2
1862 1891 2
1891 1863 2
1854 1892 2
1863 1892 2
1888 1892 2
1888 1891 2
1892 1891 2
1887 1890 2
1892 1887 2
1890 1892 2
1827 1869 2
1825 1893 2
1893 1827 2
1867 1893 2
1869 1893 2
1819 1895 2
1895 1833 2
1825 1896 2
1833 1896 2
1894 1896 2
1894 1895 2
1896 1895 2
1862 1897 2
1875 1897 2
1867 1898 2
1898 1875 2
1894 1897 2
1894 1898 2
1897 1898 2
1896 1893 2
1893 1898 2
1898 1896 2
1889 1883 2
1882 1899 2
1883 1899 2
1888 1899 2
1899 1889 2
1885 1895 2
1882 1900 2
1900 1885 2
1894 1900 2
1895 1900 2
1897 1891 2
1888 1901 2
1891 1901 2
1894 1901 2
1901 1897 2
1899 1900 2
1901 1899 2
1900 1901 2
45 1903 2
590 1903 2
589 1904 2
1904 590 2
1902 1903 2
1902 1904 2
1903 1904 2
595 1906 2
1906 596 2
589 1907 2
596 1907 2
1905 1907 2
1905 1906 2
1907 1906 2
1908 1909 2
1908 1910 2
1909 1910 2
1902 1911 2
1902 1909 2
1911 1909 2
1905 1910 2
1905 1911 2
1910 1911 2
1907 1904 2
1904 1911 2
1911 1907 2
609 1913 2
1913 612 2
610 1914 2
612 1914 2
1912 1914 2
1912 1913 2
1914 1913 2
595 1916 2
616 1916 2
610 1917 2
1917 616 2
1915 1916 2
1915 1917 2
1916 1917 2
1918 1920 2
1918 1919 2
1920 1919 2
1912 1919 2
1912 1921 2
1919 1921 2
1915 1921 2
1915 1920 2
1921 1920 2
1914 1917 2
1921 1914 2
1917 1921 2
1922 1925 2
1922 1926 2
1925 1926 2
1923 1927 2
1923 1925 2
1927 1925 2
1924 1926 2
1924 1927 2
1926 1927 2
1908 1930 2
1908 1929 2
1930 1929 2
1923 1929 2
1923 1931 2
1929 1931 2
1928 1931 2
1928 1930 2
1931 1930 2
1918 1932 2
1918 1933 2
1932 1933 2
1924 1934 2
1924 1932 2
1934 1932 2
1928 1933 2
1928 1934 2
1933 1934 2
1931 1927 2
1927 1934 2
1934 1931 2
1916 1906 2
1905 1935 2
1906 1935 2
1915 1935 2
1935 1916 2
1910 1930 2
1905 1936 2
1936 1910 2
1928 1936 2
1930 1936 2
1933 1920 2
1915 1937 2
1920 1937 2
1928 1937 2
1937 1933 2
1935 1936 2
1937 1935 2
1936 1937 2
497 1939 2
1939 626 2
625 1940 2
626 1940 2
1938 1940 2
1938 1939 2
1940 1939 2
631 1942 2
632 1942 2
625 1943 2
1943 632 2
1941 1942 2
1941 1943 2
1942 1943 2
1944 1946 2
1944 1945 2
1946 1945 2
1938 1945 2
1938 1947 2
1945 1947 2
1941 1947 2
1941 1946 2
1947 1946 2
1940 1943 2
1947 1940 2
1943 1947 2
609 1949 2
647 1949 2
645 1950 2
1950 647 2
1948 1949 2
1948 1950 2
1949 1950 2
631 1952 2
1952 651 2
645 1953 2
651 1953 2
1951 1953 2
1951 1952 2
1953 1952 2
1954 1955 2
1954 1956 2
1955 1956 2
1948 1957 2
1948 1955 2
1957 1955 2
1951 1956 2
1951 1957 2
1956 1957 2
1953 1950 2
1950 1957 2
1957 1953 2
1958 1962 2
1958 1961 2
1962 1961 2
1959 1961 2
1959 1963 2
1961 1963 2
1960 1963 2
1960 1962 2
1963 1962 2
1944 1965 2
1944 1966 2
1965 1966 2
1959 1967 2
1959 1965 2
1967 1965 2
1964 1966 2
1964 1967 2
1966 1967 2
1954 1969 2
1954 1968 2
1969 1968 2
1960 1968 2
1960 1970 2
1968 1970 2
1964 1970 2
1964 1969 2
1970 1969 2
1963 1967 2
1970 1963 2
1967 1970 2
1942 1952 2
1941 1971 2
1971 1942 2
1951 1971 2
1952 1971 2
1966 1946 2
1941 1972 2
1946 1972 2
1964 1972 2
1972 1966 2
1956 1969 2
1951 1973 2
1973 1956 2
1964 1973 2
1969 1973 2
1972 1971 2
1971 1973 2
1973 1972 2
1142 1976 2
1142 1977 2
1976 1977 2
1974 1978 2
1974 1976 2
1978 1976 2
1975 1977 2
1975 1978 2
1977 1978 2
1979 1982 2
1979 1981 2
1982 1981 2
1974 1981 2
1974 1983 2
1981 1983 2
1980 1983 2
1980 1982 2
1983 1982 2
1984 1985 2
1984 1986 2
1985 1986 2
1975 1987 2
1975 1985 2
1987 1985 2
1980 1986 2
1980 1987 2
1986 1987 2
1983 1978 2
1978 1987 2
1987 1983 2
1922 1991 2
1922 1990 2
1991 1990 2
1988 1990 2
1988 1992 2
1990 1992 2
1989 1992 2
1989 1991 2
1992 1991 2
1979 1994 2
1979 1995 2
1994 1995 2
1988 1996 2
1988 1994 2
1996 1994 2
1993 1995 2
1993 1996 2
1995 1996 2
1997 1999 2
1997 1998 2
1999 1998 2
1989 1998 2
1989 2000 2
1998 2000 2
1993 2000 2
1993 1999 2
2000 1999 2
1992 1996 2
2000 1992 2
1996 2000 2
1958 2003 2
1958 2004 2
2003 2004 2
2001 2005 2
2001 2003 2
2005 2003 2
2002 2004 2
2002 2005 2
2004 2005 2
1984 2008 2
1984 2007 2
2008 2007 2
2001 2007 2
2001 2009 2
2007 2009 2
2006 2009 2
2006 2008 2
2009 2008 2
1997 2010 2
1997 2011 2
2010 2011 2
2002 2012 2
2002 2010 2
2012 2010 2
2006 2011 2
2006 2012 2
2011 2012 2
2009 2005 2
2005 2012 2
2012 2009 2
1995 1982 2
1980 2013 2
1982 2013 2
1993 2013 2
2013 1995 2
1986 2008 2
1980 2014 2
2014 1986 2
2006 2014 2
2008 2014 2
2011 1999 2
1993 2015 2
1999 2015 2
2006 2015 2
2015 2011 2
2013 2014 2
2015 2013 2
2014 2015 2
1949 1913 2
1912 2016 2
1913 2016 2
1948 2016 2
2016 1949 2
1918 2018 2
1919 2018 2
1912 2019 2
2019 1919 2
2017 2018 2
2017 2019 2
2018 2019 2
1954 2020 2
2020 1955 2
1948 2021 2
1955 2021 2
2017 2021 2
2017 2020 2
2021 2020 2
2016 2019 2
2021 2016 2
2019 2021 2
1926 1991 2
1924 2022 2
2022 1926 2
1989 2022 2
1991 2022 2
1918 2024 2
2024 1932 2
1924 2025 2
1932 2025 2
2023 2025 2
2023 2024 2
2025 2024 2
1997 2026 2
1998 2026 2
1989 2027 2
2027 1998 2
2023 2026 2
2023 2027 2
2026 2027 2
2025 2022 2
2022 2027 2
2027 2025 2
2004 1962 2
1960 2028 2
1962 2028 2
2002 2028 2
2028 2004 2
1954 2030 2
1968 2030 2
1960 2031 2
2031 1968 2
2029 2030 2
2029 2031 2
2030 2031 2
1997 2032 2
2032 2010 2
2002 2033 2
2010 2033 2
2029 2033 2
2029 2032 2
2033 2032 2
2028 2031 2
2033 2028 2
2031 2033 2
2018 2024 2
2017 2034 2
2034 2018 2
2023 2034 2
2024 2034 2
2030 2020 2
2017 2035 2
2020 2035 2
2029 2035 2
2035 2030 2
2026 2032 2
2023 2036 2
2036 2026 2
2029 2036 2
2032 2036 2
2035 2034 2
2034 2036 2
2036 2035 2
1399 1498 2
1398 2037 2
2037 1399 2
1497 2037 2
1498 2037 2
1404 2039 2
2039 1405 2
1398 2040 2
1405 2040 2
2038 2040 2
2038 2039 2
2040 2039 2
1503 2041 2
1504 2041 2
1497 2042 2
2042 1504 2
2038 2041 2
2038 2042 2
2041 2042 2
2040 2037 2
2037 2042 2
2042 2040 2
1418 2044 2
2044 1421 2
1419 2045 2
1421 2045 2
2043 2045 2
2043 2044 2
2045 2044 2
1404 2047 2
1425 2047 2
1419 2048 2
2048 1425 2
2046 2047 2
2046 2048 2
2047 2048 2
2049 2051 2
2049 2050 2
2051 2050 2
2043 2050 2
2043 2052 2
2050 2052 2
2046 2052 2
2046 2051 2
2052 2051 2
2045 2048 2
2052 2045 2
2048 2052 2
1517 2054 2
1520 2054 2
1518 2055 2
2055 1520 2
2053 2054 2
2053 2055 2
2054 2055 2
1503 2057 2
2057 1524 2
1518 2058 2
1524 2058 2
2056 2058 2
2056 2057 2
2058 2057 2
2049 2059 2
2049 2060 2
2059 2060 2
2053 2061 2
2053 2059 2
2061 2059 2
2056 2060 2
2056 2061 2
2060 2061 2
2058 2055 2
2055 2061 2
2061 2058 2
2047 2039 2
2038 2062 2
2039 2062 2
2046 2062 2
2062 2047 2
2041 2057 2
2038 2063 2
2063 2041 2
2056 2063 2
2057 2063 2
2060 2051 2
2046 2064 2
2051 2064 2
2056 2064 2
2064 2060 2
2062 2063 2
2064 2062 2
2063 2064 2
684 1437 2
1435 2065 2
1437 2065 2
682 2065 2
2065 684 2
1444 2067 2
1445 2067 2
1435 2068 2
2068 1445 2
2066 2067 2
2066 2068 2
2067 2068 2
687 2069 2
2069 689 2
682 2070 2
689 2070 2
2066 2070 2
2066 2069 2
2070 2069 2
2065 2068 2
2070 2065 2
2068 2070 2
1418 2072 2
1463 2072 2
1461 2073 2
2073 1463 2
2071 2072 2
2071 2073 2
2072 2073 2
1444 2075 2
2075 1467 2
1461 2076 2
1467 2076 2
2074 2076 2
2074 2075 2
2076 2075 2
2077 2078 2
2077 2079 2
2078 2079 2
2071 2080 2
2071 2078 2
2080 2078 2
2074 2079 2
2074 2080 2
2079 2080 2
2076 2073 2
2073 2080 2
2080 2076 2
696 2082 2
2082 699 2
697 2083 2
699 2083 2
2081 2083 2
2081 2082 2
2083 2082 2
687 2085 2
703 2085 2
697 2086 2
2086 703 2
2084 2085 2
2084 2086 2
2085 2086 2
2077 2088 2
2077 2087 2
2088 2087 2
2081 2087 2
2081 2089 2
2087 2089 2
2084 2089 2
2084 2088 2
2089 2088 2
2083 2086 2
2089 2083 2
2086 2089 2
2067 2075 2
2066 2090 2
2090 2067 2
2074 2090 2
2075 2090 2
2085 2069 2
2066 2091 2
2069 2091 2
2084 2091 2
2091 2085 2
2079 2088 2
2074 2092 2
2092 2079 2
2084 2092 2
2088 2092 2
2091 2090 2
2090 2092 2
2092 2091 2
1571 729 2
1569 2093 2
2093 1571 2
727 2093 2
729 2093 2
1574 2095 2
2095 1576 2
1569 2096 2
1576 2096 2
2094 2096 2
2094 2095 2
2096 2095 2
732 2097 2
734 2097 2
727 2098 2
2098 734 2
2094 2097 2
2094 2098 2
2097 2098 2
2096 2093 2
2093 2098 2
2098 2096 2
1517 2100 2
2100 1585 2
1583 2101 2
1585 2101 2
2099 2101 2
2099 2100 2
2101 2100 2
1574 2103 2
1589 2103 2
1583 2104 2
2104 1589 2
2102 2103 2
2102 2104 2
2103 2104 2
2105 2107 2
2105 2106 2
2107 2106 2
2099 2106 2
2099 2108 2
2106 2108 2
2102 2108 2
2102 2107 2
2108 2107 2
2101 2104 2
2108 2101 2
2104 2108 2
696 2110 2
743 2110 2
741 2111 2
2111 743 2
2109 2110 2
2109 2111 2
2110 2111 2
732 2113 2
2113 747 2
741 2114 2
747 2114 2
2112 2114 2
2112 2113 2
2114 2113 2
2105 2115 2
2105 2116 2
2115 2116 2
2109 2117 2
2109 2115 2
2117 2115 2
2112 2116 2
2112 2117 2
2116 2117 2
2114 2111 2
2111 2117 2
2117 2114 2
2103 2095 2
2094 2118 2
2095 2118 2
2102 2118 2
2118 2103 2
2097 2113 2
2094 2119 2
2119 2097 2
2112 2119 2
2113 2119 2
2116 2107 2
2102 2120 2
2107 2120 2
2112 2120 2
2120 2116 2
2118 2119 2
2120 2118 2
2119 2120 2
2072 2044 2
2043 2121 2
2044 2121 2
2071 2121 2
2121 2072 2
2049 2123 2
2050 2123 2
2043 2124 2
2124 2050 2
2122 2123 2
2122 2124 2
2123 2124 2
2077 2125 2
2125 2078 2
2071 2126 2
2078 2126 2
2122 2126 2
2122 2125 2
2126 2125 2
2121 2124 2
2126 2121 2
2124 2126 2
2054 2100 2
2053 2127 2
2127 2054 2
2099 2127 2
2100 2127 2
2049 2129 2
2129 2059 2
2053 2130 2
2059 2130 2
2128 2130 2
2128 2129 2
2130 2129 2
2105 2131 2
2106 2131 2
2099 2132 2
2132 2106 2
2128 2131 2
2128 2132 2
2131 2132 2
2130 2127 2
2127 2132 2
2132 2130 2
2110 2082 2
2081 2133 2
2082 2133 2
2109 2133 2
2133 2110 2
2077 2135 2
2087 2135 2
2081 2136 2
2136 2087 2
2134 2135 2
2134 2136 2
2135 2136 2
2105 2137 2
2137 2115 2
2109 2138 2
2115 2138 2
2134 2138 2
2134 2137 2
2138 2137 2
2133 2136 2
2138 2133 2
2136 2138 2
2123 2129 2
2122 2139 2
2139 2123 2
2128 2139 2
2129 2139 2
2135 2125 2
2122 2140 2
2125 2140 2
2134 2140 2
2140 2135 2
2131 2137 2
2128 2141 2
2141 2131 2
2134 2141 2
2137 2141 2
2140 2139 2
2139 2141 2
2141 2140 2
1534 1633 2
1533 2142 2
2142 1534 2
1632 2142 2
1633 2142 2
1539 2144 2
2144 1540 2
1533 2145 2
1540 2145 2
2143 2145 2
2143 2144 2
2145 2144 2
1638 2146 2
1639 2146 2
1632 2147 2
2147 1639 2
2143 2146 2
2143 2147 2
2146 2147 2
2145 2142 2
2142 2147 2
2147 2145 2
1553 2149 2
2149 1556 2
1554 2150 2
1556 2150 2
2148 2150 2
2148 2149 2
2150 2149 2
1539 2152 2
1560 2152 2
1554 2153 2
2153 1560 2
2151 2152 2
2151 2153 2
2152 2153 2
2154 2156 2
2154 2155 2
2156 2155 2
2148 2155 2
2148 2157 2
2155 2157 2
2151 2157 2
2151 2156 2
2157 2156 2
2150 2153 2
2157 2150 2
2153 2157 2
1652 2159 2
1655 2159 2
1653 2160 2
2160 1655 2
2158 2159 2
2158 2160 2
2159 2160 2
1638 2162 2
2162 1659 2
1653 2163 2
1659 2163 2
2161 2163 2
2161 2162 2
2163 2162 2
2154 2164 2
2154 2165 2
2164 2165 2
2158 2166 2
2158 2164 2
2166 2164 2
2161 2165 2
2161 2166 2
2165 2166 2
2163 2160 2
2160 2166 2
2166 2163 2
2152 2144 2
2143 2167 2
2144 2167 2
2151 2167 2
2167 2152 2
2146 2162 2
2143 2168 2
2168 2146 2
2161 2168 2
2162 2168 2
2165 2156 2
2151 2169 2
2156 2169 2
2161 2169 2
2169 2165 2
2167 2168 2
2169 2167 2
2168 2169 2
835 1572 2
1570 2170 2
1572 2170 2
834 2170 2
2170 835 2
1579 2172 2
1580 2172 2
1570 2173 2
2173 1580 2
2171 2172 2
2171 2173 2
2172 2173 2
837 2174 2
2174 839 2
834 2175 2
839 2175 2
2171 2175 2
2171 2174 2
2175 2174 2
2170 2173 2
2175 2170 2
2173 2175 2
1553 2177 2
1598 2177 2
1596 2178 2
2178 1598 2
2176 2177 2
2176 2178 2
2177 2178 2
1579 2180 2
2180 1602 2
1596 2181 2
1602 2181 2
2179 2181 2
2179 2180 2
2181 2180 2
2182 2183 2
2182 2184 2
2183 2184 2
2176 2185 2
2176 2183 2
2185 2183 2
2179 2184 2
2179 2185 2
2184 2185 2
2181 2178 2
2178 2185 2
2185 2181 2
844 2187 2
2187 847 2
845 2188 2
847 2188 2
2186 2188 2
2186 2187 2
2188 2187 2
837 2190 2
851 2190 2
845 2191 2
2191 851 2
2189 2190 2
2189 2191 2
2190 2191 2
2182 2193 2
2182 2192 2
2193 2192 2
2186 2192 2
2186 2194 2
2192 2194 2
2189 2194 2
2189 2193 2
2194 2193 2
2188 2191 2
2194 2188 2
2191 2194 2
2172 2180 2
2171 2195 2
2195 2172 2
2179 2195 2
2180 2195 2
2190 2174 2
2171 2196 2
2174 2196 2
2189 2196 2
2196 2190 2
2184 2193 2
2179 2197 2
2197 2184 2
2189 2197 2
2193 2197 2
2196 2195 2
2195 2197 2
2197 2196 2
1706 873 2
1704 2198 2
2198 1706 2
871 2198 2
873 2198 2
1709 2200 2
2200 1711 2
1704 2201 2
1711 2201 2
2199 2201 2
2199 2200 2
2201 2200 2
876 2202 2
878 2202 2
871 2203 2
2203 878 2
2199 2202 2
2199 2203 2
2202 2203 2
2201 2198 2
2198 2203 2
2203 2201 2
1652 2205 2
2205 1720 2
1718 2206 2
1720 2206 2
2204 2206 2
2204 2205 2
2206 2205 2
1709 2208 2
1724 2208 2
1718 2209 2
2209 1724 2
2207 2208 2
2207 2209 2
2208 2209 2
2210 2212 2
2210 2211 2
2212 2211 2
2204 2211 2
2204 2213 2
2211 2213 2
2207 2213 2
2207 2212 2
2213 2212 2
2206 2209 2
2213 2206 2
2209 2213 2
844 2215 2
887 2215 2
885 2216 2
2216 887 2
2214 2215 2
2214 2216 2
2215 2216 2
876 2218 2
2218 891 2
885 2219 2
891 2219 2
2217 2219 2
2217 2218 2
2219 2218 2
2210 2220 2
2210 2221 2
2220 2221 2
2214 2222 2
2214 2220 2
2222 2220 2
2217 2221 2
2217 2222 2
2221 2222 2
2219 2216 2
2216 2222 2
2222 2219 2
2208 2200 2
2199 2223 2
2200 2223 2
2207 2223 2
2223 2208 2
2202 2218 2
2199 2224 2
2224 2202 2
2217 2224 2
2218 2224 2
2221 2212 2
2207 2225 2
2212 2225 2
2217 2225 2
2225 2221 2
2223 2224 2
2225 2223 2
2224 2225 2
2177 2149 2
2148 2226 2
2149 2226 2
2176 2226 2
2226 2177 2
2154 2228 2
2155 2228 2
2148 2229 2
2229 2155 2
2227 2228 2
2227 2229 2
2228 2229 2
2182 2230 2
2230 2183 2
2176 2231 2
2183 2231 2
2227 2231 2
2227 2230 2
2231 2230 2
2226 2229 2
2231 2226 2
2229 2231 2
2159 2205 2
2158 2232 2
2232 2159 2
2204 2232 2
2205 2232 2
2154 2234 2
2234 2164 2
2158 2235 2
2164 2235 2
2233 2235 2
2233 2234 2
2235 2234 2
2210 2236 2
2211 2236 2
2204 2237 2
2237 2211 2
2233 2236 2
2233 2237 2
2236 2237 2
2235 2232 2
2232 2237 2
2237 2235 2
2215 2187 2
2186 2238 2
2187 2238 2
2214 2238 2
2238 2215 2
2182 2240 2
2192 2240 2
2186 2241 2
2241 2192 2
2239 2240 2
2239 2241 2
2240 2241 2
2210 2242 2
2242 2220 2
2214 2243 2
2220 2243 2
2239 2243 2
2239 2242 2
2243 2242 2
2238 2241 2
2243 2238 2
2241 2243 2
2228 2234 2
2227 2244 2
2244 2228 2
2233 2244 2
2234 2244 2
2240 2230 2
2227 2245 2
2230 2245 2
2239 2245 2
2245 2240 2
2236 2242 2
2233 2246 2
2246 2236 2
2239 2246 2
2242 2246 2
2245 2244 2
2244 2246 2
2246 2245 2
1669 1768 2
1668 2247 2
2247 1669 2
1767 2247 2
1768 2247 2
1674 2249 2
2249 1675 2
1668 2250 2
1675 2250 2
2248 2250 2
2248 2249 2
2250 2249 2
1773 2251 2
1774 2251 2
1767 2252 2
2252 1774 2
2248 2251 2
2248 2252 2
2251 2252 2
2250 2247 2
2247 2252 2
2252 2250 2
1688 2254 2
2254 1691 2
1689 2255 2
1691 2255 2
2253 2255 2
2253 2254 2
2255 2254 2
1674 2257 2
1695 2257 2
1689 2258 2
2258 1695 2
2256 2257 2
2256 2258 2
2257 2258 2
2259 2261 2
2259 2260 2
2261 2260 2
2253 2260 2
2253 2262 2
2260 2262 2
2256 2262 2
2256 2261 2
2262 2261 2
2255 2258 2
2262 2255 2
2258 2262 2
1787 2264 2
1790 2264 2
1788 2265 2
2265 1790 2
2263 2264 2
2263 2265 2
2264 2265 2
1773 2267 2
2267 1794 2
1788 2268 2
1794 2268 2
2266 2268 2
2266 2267 2
2268 2267 2
2259 2269 2
2259 2270 2
2269 2270 2
2263 2271 2
2263 2269 2
2271 2269 2
2266 2270 2
2266 2271 2
2270 2271 2
2268 2265 2
2265 2271 2
2271 2268 2
2257 2249 2
2248 2272 2
2249 2272 2
2256 2272 2
2272 2257 2
2251 2267 2
2248 2273 2
2273 2251 2
2266 2273 2
2267 2273 2
2270 2261 2
2256 2274 2
2261 2274 2
2266 2274 2
2274 2270 2
2272 2273 2
2274 2272 2
2273 2274 2
971 1707 2
1705 2275 2
1707 2275 2
970 2275 2
2275 971 2
1714 2277 2
1715 2277 2
1705 2278 2
2278 1715 2
2276 2277 2
2276 2278 2
2277 2278 2
973 2279 2
2279 975 2
970 2280 2
975 2280 2
2276 2280 2
2276 2279 2
2280 2279 2
2275 2278 2
2280 2275 2
2278 2280 2
1688 2282 2
1733 2282 2
1731 2283 2
2283 1733 2
2281 2282 2
2281 2283 2
2282 2283 2
1714 2285 2
2285 1737 2
1731 2286 2
1737 2286 2
2284 2286 2
2284 2285 2
2286 2285 2
2287 2288 2
2287 2289 2
2288 2289 2
2281 2290 2
2281 2288 2
2290 2288 2
2284 2289 2
2284 2290 2
2289 2290 2
2286 2283 2
2283 2290 2
2290 2286 2
980 2292 2
2292 983 2
981 2293 2
983 2293 2
2291 2293 2
2291 2292 2
2293 2292 2
973 2295 2
987 2295 2
981 2296 2
2296 987 2
2294 2295 2
2294 2296 2
2295 2296 2
2287 2298 2
2287 2297 2
2298 2297 2
2291 2297 2
2291 2299 2
2297 2299 2
2294 2299 2
2294 2298 2
2299 2298 2
2293 2296 2
2299 2293 2
2296 2299 2
2277 2285 2
2276 2300 2
2300 2277 2
2284 2300 2
2285 2300 2
2295 2279 2
2276 2301 2
2279 2301 2
2294 2301 2
2301 2295 2
2289 2298 2
2284 2302 2
2302 2289 2
2294 2302 2
2298 2302 2
2301 2300 2
2300 2302 2
2302 2301 2
1841 1009 2
1839 2303 2
2303 1841 2
1007 2303 2
1009 2303 2
1844 2305 2
2305 1846 2
1839 2306 2
1846 2306 2
2304 2306 2
2304 2305 2
2306 2305 2
1012 2307 2
1014 2307 2
1007 2308 2
2308 1014 2
2304 2307 2
2304 2308 2
2307 2308 2
2306 2303 2
2303 2308 2
2308 2306 2
1787 2310 2
2310 1855 2
1853 2311 2
1855 2311 2
2309 2311 2
2309 2310 2
2311 2310 2
1844 2313 2
1859 2313 2
1853 2314 2
2314 1859 2
2312 2313 2
2312 2314 2
2313 2314 2
2315 2317 2
2315 2316 2
2317 2316 2
2309 2316 2
2309 2318 2
2316 2318 2
2312 2318 2
2312 2317 2
2318 2317 2
2311 2314 2
2318 2311 2
2314 2318 2
980 2320 2
1023 2320 2
1021 2321 2
2321 1023 2
2319 2320 2
2319 2321 2
2320 2321 2
1012 2323 2
2323 1027 2
1021 2324 2
1027 2324 2
2322 2324 2
2322 2323 2
2324 2323 2
2315 2325 2
2315 2326 2
2325 2326 2
2319 2327 2
2319 2325 2
2327 2325 2
2322 2326 2
2322 2327 2
2326 2327 2
2324 2321 2
2321 2327 2
2327 2324 2
2313 2305 2
2304 2328 2
2305 2328 2
2312 2328 2
2328 2313 2
2307 2323 2
2304 2329 2
2329 2307 2
2322 2329 2
2323 2329 2
2326 2317 2
2312 2330 2
2317 2330 2
2322 2330 2
2330 2326 2
2328 2329 2
2330 2328 2
2329 2330 2
2282 2254 2
2253 2331 2
2254 2331 2
2281 2331 2
2331 2282 2
2259 2333 2
2260 2333 2
2253 2334 2
2334 2260 2
2332 2333 2
2332 2334 2
2333 2334 2
2287 2335 2
2335 2288 2
2281 2336 2
2288 2336 2
2332 2336 2
2332 2335 2
2336 2335 2
2331 2334 2
2336 2331 2
2334 2336 2
2264 2310 2
2263 2337 2
2337 2264 2
2309 2337 2
2310 2337 2
2259 2339 2
2339 2269 2
2263 2340 2
2269 2340 2
2338 2340 2
2338 2339 2
2340 2339 2
2315 2341 2
2316 2341 2
2309 2342 2
2342 2316 2
2338 2341 2
2338 2342 2
2341 2342 2
2340 2337 2
2337 2342 2
2342 2340 2
2320 2292 2
2291 2343 2
2292 2343 2
2319 2343 2
2343 2320 2
2287 2345 2
2297 2345 2
2291 2346 2
2346 2297 2
2344 2345 2
2344 2346 2
2345 2346 2
2315 2347 2
2347 2325 2
2319 2348 2
2325 2348 2
2344 2348 2
2344 2347 2
2348 2347 2
2343 2346 2
2348 2343 2
2346 2348 2
2333 2339 2
2332 2349 2
2349 2333 2
2338 2349 2
2339 2349 2
2345 2335 2
2332 2350 2
2335 2350 2
2344 2350 2
2350 2345 2
2341 2347 2
2338 2351 2
2351 2341 2
2344 2351 2
2347 2351 2
2350 2349 2
2349 2351 2
2351 2350 2
1804 1939 2
1803 2352 2
2352 1804 2
1938 2352 2
1939 2352 2
1809 2354 2
2354 1810 2
1803 2355 2
1810 2355 2
2353 2355 2
2353 2354 2
2355 2354 2
1944 2356 2
1945 2356 2
1938 2357 2
2357 1945 2
2353 2356 2
2353 2357 2
2356 2357 2
2355 2352 2
2352 2357 2
2357 2355 2
1823 2359 2
2359 1826 2
1824 2360 2
1826 2360 2
2358 2360 2
2358 2359 2
2360 2359 2
1809 2362 2
1830 2362 2
1824 2363 2
2363 1830 2
2361 2362 2
2361 2363 2
2362 2363 2
2364 2366 2
2364 2365 2
2366 2365 2
2358 2365 2
2358 2367 2
2365 2367 2
2361 2367 2
2361 2366 2
2367 2366 2
2360 2363 2
2367 2360 2
2363 2367 2
1958 2369 2
1961 2369 2
1959 2370 2
2370 1961 2
2368 2369 2
2368 2370 2
2369 2370 2
1944 2372 2
2372 1965 2
1959 2373 2
1965 2373 2
2371 2373 2
2371 2372 2
2373 2372 2
2364 2374 2
2364 2375 2
2374 2375 2
2368 2376 2
2368 2374 2
2376 2374 2
2371 2375 2
2371 2376 2
2375 2376 2
2373 2370 2
2370 2376 2
2376 2373 2
2362 2354 2
2353 2377 2
2354 2377 2
2361 2377 2
2377 2362 2
2356 2372 2
2353 2378 2
2378 2356 2
2371 2378 2
2372 2378 2
2375 2366 2
2361 2379 2
2366 2379 2
2371 2379 2
2379 2375 2
2377 2378 2
2379 2377 2
2378 2379 2
1107 1842 2
1840 2380 2
1842 2380 2
1106 2380 2
2380 1107 2
1849 2382 2
1850 2382 2
1840 2383 2
2383 1850 2
2381 2382 2
2381 2383 2
2382 2383 2
1109 2384 2
2384 1111 2
1106 2385 2
1111 2385 2
2381 2385 2
2381 2384 2
2385 2384 2
2380 2383 2
2385 2380 2
2383 2385 2
1823 2387 2
1868 2387 2
1866 2388 2
2388 1868 2
2386 2387 2
2386 2388 2
2387 2388 2
1849 2390 2
2390 1872 2
1866 2391 2
1872 2391 2
2389 2391 2
2389 2390 2
2391 2390 2
2392 2393 2
2392 2394 2
2393 2394 2
2386 2395 2
2386 2393 2
2395 2393 2
2389 2394 2
2389 2395 2
2394 2395 2
2391 2388 2
2388 2395 2
2395 2391 2
1116 2397 2
2397 1119 2
1117 2398 2
1119 2398 2
2396 2398 2
2396 2397 2
2398 2397 2
1109 2400 2
1123 2400 2
1117 2401 2
2401 1123 2
2399 2400 2
2399 2401 2
2400 2401 2
2392 2403 2
2392 2402 2
2403 2402 2
2396 2402 2
2396 2404 2
2402 2404 2
2399 2404 2
2399 2403 2
2404 2403 2
2398 2401 2
2404 2398 2
2401 2404 2
2382 2390 2
2381 2405 2
2405 2382 2
2389 2405 2
2390 2405 2
2400 2384 2
2381 2406 2
2384 2406 2
2399 2406 2
2406 2400 2
2394 2403 2
2389 2407 2
2407 2394 2
2399 2407 2
2403 2407 2
2406 2405 2
2405 2407 2
2407 2406 2
1977 1145 2
1975 2408 2
2408 1977 2
1143 2408 2
1145 2408 2
1984 2410 2
2410 1985 2
1975 2411 2
1985 2411 2
2409 2411 2
2409 2410 2
2411 2410 2
1148 2412 2
1150 2412 2
1143 2413 2
2413 1150 2
2409 2412 2
2409 2413 2
2412 2413 2
2411 2408 2
2408 2413 2
2413 2411 2
1958 2415 2
2415 2003 2
2001 2416 2
2003 2416 2
2414 2416 2
2414 2415 2
2416 2415 2
1984 2418 2
2007 2418 2
2001 2419 2
2419 2007 2
2417 2418 2
2417 2419 2
2418 2419 2
2420 2422 2
2420 2421 2
2422 2421 2
2414 2421 2
2414 2423 2
2421 2423 2
2417 2423 2
2417 2422 2
2423 2422 2
2416 2419 2
2423 2416 2
2419 2423 2
1116 2425 2
1159 2425 2
1157 2426 2
2426 1159 2
2424 2425 2
2424 2426 2
2425 2426 2
1148 2428 2
2428 1163 2
1157 2429 2
1163 2429 2
2427 2429 2
2427 2428 2
2429 2428 2
2420 2430 2
2420 2431 2
2430 2431 2
2424 2432 2
2424 2430 2
2432 2430 2
2427 2431 2
2427 2432 2
2431 2432 2
2429 2426 2
2426 2432 2
2432 2429 2
2418 2410 2
2409 2433 2
2410 2433 2
2417 2433 2
2433 2418 2
2412 2428 2
2409 2434 2
2434 2412 2
2427 2434 2
2428 2434 2
2431 2422 2
2417 2435 2
2422 2435 2
2427 2435 2
2435 2431 2
2433 2434 2
2435 2433 2
2434 2435 2
2387 2359 2
2358 2436 2
2359 2436 2
2386 2436 2
2436 2387 2
2364 2438 2
2365 2438 2
2358 2439 2
2439 2365 2
2437 2438 2
2437 2439 2
2438 2439 2
2392 2440 2
2440 2393 2
2386 2441 2
2393 2441 2
2437 2441 2
2437 2440 2
2441 2440 2
2436 2439 2
2441 2436 2
2439 2441 2
2369 2415 2
2368 2442 2
2442 2369 2
2414 2442 2
2415 2442 2
2364 2444 2
2444 2374 2
2368 2445 2
2374 2445 2
2443 2445 2
2443 2444 2
2445 2444 2
2420 2446 2
2421 2446 2
2414 2447 2
2447 2421 2
2443 2446 2
2443 2447 2
2446 2447 2
2445 2442 2
2442 2447 2
2447 2445 2
2425 2397 2
2396 2448 2
2397 2448 2
2424 2448 2
2448 2425 2
2392 2450 2
2402 2450 2
2396 2451 2
2451 2402 2
2449 2450 2
2449 2451 2
2450 2451 2
2420 2452 2
2452 2430 2
2424 2453 2
2430 2453 2
2449 2453 2
2449 2452 2
2453 2452 2
2448 2451 2
2453 2448 2
2451 2453 2
2438 2444 2
2437 2454 2
2454 2438 2
2443 2454 2
2444 2454 2
2450 2440 2
2437 2455 2
2440 2455 2
2449 2455 2
2455 2450 2
2446 2452 2
2443 2456 2
2456 2446 2
2449 2456 2
2452 2456 2
2455 2454 2
2454 2456 2
2456 2455 2
1903 1363 2
1362 2457 2
1363 2457 2
1902 2457 2
2457 1903 2
1368 2459 2
1369 2459 2
1362 2460 2
2460 1369 2
2458 2459 2
2458 2460 2
2459 2460 2
1908 2461 2
2461 1909 2
1902 2462 2
1909 2462 2
2458 2462 2
2458 2461 2
2462 2461 2
2457 2460 2
2462 2457 2
2460 2462 2
1382 2464 2
1385 2464 2
1383 2465 2
2465 1385 2
2463 2464 2
2463 2465 2
2464 2465 2
1368 2467 2
2467 1389 2
1383 2468 2
1389 2468 2
2466 2468 2
2466 2467 2
2468 2467 2
2469 2470 2
2469 2471 2
2470 2471 2
2463 2472 2
2463 2470 2
2472 2470 2
2466 2471 2
2466 2472 2
2471 2472 2
2468 2465 2
2465 2472 2
2472 2468 2
1922 2474 2
2474 1925 2
1923 2475 2
1925 2475 2
2473 2475 2
2473 2474 2
2475 2474 2
1908 2477 2
1929 2477 2
1923 2478 2
2478 1929 2
2476 2477 2
2476 2478 2
2477 2478 2
2469 2480 2
2469 2479 2
2480 2479 2
2473 2479 2
2473 2481 2
2479 2481 2
2476 2481 2
2476 2480 2
2481 2480 2
2475 2478 2
2481 2475 2
2478 2481 2
2459 2467 2
2458 2482 2
2482 2459 2
2466 2482 2
2467 2482 2
2477 2461 2
2458 2483 2
2461 2483 2
2476 2483 2
2483 2477 2
2471 2480 2
2466 2484 2
2484 2471 2
2476 2484 2
2480 2484 2
2483 2482 2
2482 2484 2
2484 2483 2
1436 1243 2
1434 2485 2
2485 1436 2
1242 2485 2
1243 2485 2
1439 2487 2
2487 1441 2
1434 2488 2
1441 2488 2
2486 2488 2
2486 2487 2
2488 2487 2
1245 2489 2
1247 2489 2
1242 2490 2
2490 1247 2
2486 2489 2
2486 2490 2
2489 2490 2
2488 2485 2
2485 2490 2
2490 2488 2
1382 2492 2
2492 1450 2
1448 2493 2
1450 2493 2
2491 2493 2
2491 2492 2
2493 2492 2
1439 2495 2
1454 2495 2
1448 2496 2
2496 1454 2
2494 2495 2
2494 2496 2
2495 2496 2
2497 2499 2
2497 2498 2
2499 2498 2
2491 2498 2
2491 2500 2
2498 2500 2
2494 2500 2
2494 2499 2
2500 2499 2
2493 2496 2
2500 2493 2
2496 2500 2
1252 2502 2
1255 2502 2
1253 2503 2
2503 1255 2
2501 2502 2
2501 2503 2
2502 2503 2
1245 2505 2
2505 1259 2
1253 2506 2
1259 2506 2
2504 2506 2
2504 2505 2
2506 2505 2
2497 2507 2
2497 2508 2
2507 2508 2
2501 2509 2
2501 2507 2
2509 2507 2
2504 2508 2
2504 2509 2
2508 2509 2
2506 2503 2
2503 2509 2
2509 2506 2
2495 2487 2
2486 2510 2
2487 2510 2
2494 2510 2
2510 2495 2
2489 2505 2
2486 2511 2
2511 2489 2
2504 2511 2
2505 2511 2
2508 2499 2
2494 2512 2
2499 2512 2
2504 2512 2
2512 2508 2
2510 2511 2
2512 2510 2
2511 2512 2
1279 1976 2
1974 2513 2
1976 2513 2
1278 2513 2
2513 1279 2
1979 2515 2
1981 2515 2
1974 2516 2
2516 1981 2
2514 2515 2
2514 2516 2
2515 2516 2
1281 2517 2
2517 1283 2
1278 2518 2
1283 2518 2
2514 2518 2
2514 2517 2
2518 2517 2
2513 2516 2
2518 2513 2
2516 2518 2
1922 2520 2
1990 2520 2
1988 2521 2
2521 1990 2
2519 2520 2
2519 2521 2
2520 2521 2
1979 2523 2
2523 1994 2
1988 2524 2
1994 2524 2
2522 2524 2
2522 2523 2
2524 2523 2
2525 2526 2
2525 2527 2
2526 2527 2
2519 2528 2
2519 2526 2
2528 2526 2
2522 2527 2
2522 2528 2
2527 2528 2
2524 2521 2
2521 2528 2
2528 2524 2
1252 2530 2
2530 1290 2
1288 2531 2
1290 2531 2
2529 2531 2
2529 2530 2
2531 2530 2
1281 2533 2
1294 2533 2
1288 2534 2
2534 1294 2
2532 2533 2
2532 2534 2
2533 2534 2
2525 2536 2
2525 2535 2
2536 2535 2
2529 2535 2
2529 2537 2
2535 2537 2
2532 2537 2
2532 2536 2
2537 2536 2
2531 2534 2
2537 2531 2
2534 2537 2
2515 2523 2
2514 2538 2
2538 2515 2
2522 2538 2
2523 2538 2
2533 2517 2
2514 2539 2
2517 2539 2
2532 2539 2
2539 2533 2
2527 2536 2
2522 2540 2
2540 2527 2
2532 2540 2
2536 2540 2
2539 2538 2
2538 2540 2
2540 2539 2
2464 2492 2
2463 2541 2
2541 2464 2
2491 2541 2
2492 2541 2
2469 2543 2
2543 2470 2
2463 2544 2
2470 2544 2
2542 2544 2
2542 2543 2
2544 2543 2
2497 2545 2
2498 2545 2
2491 2546 2
2546 2498 2
2542 2545 2
2542 2546 2
2545 2546 2
2544 2541 2
2541 2546 2
2546 2544 2
2520 2474 2
2473 2547 2
2474 2547 2
2519 2547 2
2547 2520 2
2469 2549 2
2479 2549 2
2473 2550 2
2550 2479 2
2548 2549 2
2548 2550 2
2549 2550 2
2525 2551 2
2551 2526 2
2519 2552 2
2526 2552 2
2548 2552 2
2548 2551 2
2552 2551 2
2547 2550 2
2552 2547 2
2550 2552 2
2502 2530 2
2501 2553 2
2553 2502 2
2529 2553 2
2530 2553 2
2497 2555 2
2555 2507 2
2501 2556 2
2507 2556 2
2554 2556 2
2554 2555 2
2556 2555 2
2525 2557 2
2535 2557 2
2529 2558 2
2558 2535 2
2554 2557 2
2554 2558 2
2557 2558 2
2556 2553 2
2553 2558 2
2558 2556 2
2549 2543 2
2542 2559 2
2543 2559 2
2548 2559 2
2559 2549 2
2545 2555 2
2542 2560 2
2560 2545 2
2554 2560 2
2555 2560 2
2557 2551 2
2548 2561 2
2551 2561 2
2554 2561 2
2561 2557 2
2559 2560 2
2561 2559 2
2560 2561 2
