0	10	189	184	190	185	191	186	192	187	193	188
1	6	198	201	199	196	200	197
2	6	211	208	209	212	210	207
3	9	215	223	222	219	224	220	221	213	214
4	9	234	227	226	229	228	231	230	232	233
5	8	244	238	237	242	241	240	243	245
6	10	270	265	271	266	272	267	273	268	274	269
7	6	278	283	282	280	284	281
8	8	287	292	291	289	288	290	285	286
9	9	302	295	294	297	296	299	298	300	301
10	7	307	304	308	305	309	306	310
11	10	335	330	336	331	337	332	338	333	339	334
12	9	342	348	347	344	349	345	346	340	341
13	10	361	352	351	354	353	357	356	359	358	360
14	8	366	362	239	363	367	364	365	368
15	6	378	375	376	379	377	374
16	10	393	382	381	384	383	386	385	391	390	392
17	8	402	396	403	398	404	399	400	401
18	6	408	411	409	412	414	413
19	9	417	426	425	422	427	423	424	415	416
20	7	431	428	429	432	430	433	434
21	10	460	455	461	456	462	457	463	458	464	459
22	9	467	473	472	469	474	470	471	465	466
23	10	486	477	476	479	478	482	481	484	483	485
24	7	491	487	492	489	488	490	493
25	6	499	503	500	501	502	498
26	6	514	511	510	513	512	509
27	9	517	521	518	389	522	519	520	515	516
28	10	532	525	524	527	526	529	528	530	218	531
29	7	537	534	538	539	536	540	541
30	10	565	560	566	561	567	562	568	563	569	564
31	6	578	581	576	579	580	577
32	10	584	591	590	586	592	587	593	588	589	583
33	9	602	595	594	597	596	599	598	600	601
34	9	613	605	604	608	607	610	609	611	612
35	10	639	634	640	635	641	636	642	637	643	638
36	10	646	653	652	648	654	649	655	650	651	645
37	8	663	658	657	656	660	659	661	662
38	8	669	665	664	666	606	668	667	670
39	6	677	680	679	676	681	678
40	10	683	690	689	685	691	686	692	687	688	682
41	7	700	696	695	698	701	699	702
42	10	732	727	733	728	734	729	735	730	736	731
43	6	742	745	738	743	744	741
44	9	748	754	753	750	755	751	752	746	747
45	10	767	758	757	760	759	763	762	765	764	766
46	7	772	769	773	770	694	771	774
47	9	784	777	776	779	778	781	780	782	783
48	9	792	786	785	788	787	790	789	791	793
49	6	799	803	800	801	802	798
50	6	813	811	809	812	807	810
51	10	817	823	822	818	824	819	825	820	821	816
52	10	833	826	815	828	827	830	829	831	421	832
53	8	842	837	836	839	843	840	841	844
54	10	872	867	873	868	874	869	875	870	876	871
55	6	881	884	883	880	885	882
56	9	889	896	895	891	890	893	892	894	888
57	10	908	897	887	899	898	901	900	906	905	907
58	8	916	910	917	912	913	835	914	915
59	10	941	936	942	937	943	938	944	939	945	940
60	9	948	955	954	950	949	952	951	953	947
61	8	963	958	957	956	960	959	961	962
62	8	969	964	965	911	970	966	967	968
63	10	995	990	996	991	997	992	998	993	999	994
64	6	1005	1008	1001	1006	1007	1004
65	6	1020	1017	1015	1018	1016	1019
66	10	1024	1034	1033	1029	1035	1030	1036	1031	1032	1023
67	10	1046	1037	1022	1039	1038	1042	1041	1044	1043	1045
68	8	1055	1050	1049	1052	1056	1053	1054	1057
69	10	1071	1060	1059	1062	1061	1064	1063	1069	1068	1070
70	8	1079	1073	1080	1075	1076	1048	1077	1078
71	10	1083	1090	1089	1085	1091	1086	1092	1087	1088	1082
72	8	1098	1093	1094	1074	1099	1095	1096	1097
73	6	1107	1110	1108	1105	1109	1106
74	6	1117	1114	1118	1120	1119	1116
75	10	1123	1130	1129	1125	1131	1126	1132	1127	1128	1122
76	8	1140	1135	1134	1133	1137	1136	1138	1139
77	8	1149	1143	1142	1145	1150	1147	1148	1151
78	6	1156	1159	1157	1160	1161	1158
79	9	1164	1170	1169	1166	1171	1167	1168	1162	1163
80	10	1182	1174	1173	1176	1175	1178	1177	1180	1179	1181
81	7	1188	1185	1184	1186	1189	1187	1190
82	10	1212	1207	1213	1208	1214	1209	1215	1210	1216	1211
83	10	1219	1226	1225	1221	1227	1222	1228	1223	1224	1218
84	8	1236	1231	1230	1229	1233	1232	1234	1235
85	8	1243	1237	1146	1239	1238	1241	1240	1242
86	6	1251	1248	1249	1252	1247	1250
87	10	1264	1255	1254	1257	1256	1260	1259	1262	1261	1263
88	7	1274	1269	1268	1272	1271	1270	1273
89	6	1280	1283	1276	1281	1282	1279
90	9	1286	1294	1293	1290	1295	1291	1292	1284	1285
91	8	1301	1297	1302	1298	1299	1267	1300	1303
92	10	1307	1312	1308	904	1313	1309	1314	1310	1311	1306
93	9	1322	1315	1305	1317	1316	1319	1318	1320	1321
94	8	1329	1324	1323	1327	1326	1325	1328	1330
95	7	1337	1333	1338	1335	1334	1336	1339
96	8	1346	1341	1347	1342	1348	1343	1344	1345
97	7	1352	1349	1350	1353	1351	1354	1355
98	8	1365	1359	1358	1362	1361	1364	1363	1366
99	7	1372	1368	1367	1369	1373	1370	1371
100	8	1381	1375	1374	1378	1377	1376	1379	1380
101	6	1385	1389	1388	1386	1390	1387
102	6	1402	1399	1398	1400	1397	1401
103	9	1405	1410	1409	1406	1411	1407	1408	1403	1404
104	10	1423	1414	1413	1416	1415	1419	1418	1421	1420	1422
105	7	1431	1427	1432	1429	1433	1430	1434
106	6	1441	1444	1439	1442	1443	1440
107	10	1447	1452	1448	1067	1453	1449	1454	1450	1451	1446
108	9	1464	1457	1456	1455	1460	1459	1462	1461	1463
109	8	1470	1466	1465	1467	1471	1468	1469	1472
110	10	1496	1491	1497	1492	1498	1493	1499	1494	1500	1495
111	10	1503	1510	1509	1505	1511	1506	1512	1507	1508	1502
112	10	1523	1514	1513	1516	1515	1519	1518	1521	1520	1522
113	7	1530	1525	1524	1528	1527	1526	1529
114	6	1535	1538	1532	1536	1537	1534
115	6	1547	1544	1543	1546	1545	1542
116	9	1550	1556	1555	1552	1557	1553	1554	1548	1549
117	9	1567	1560	1559	1562	1561	1564	1563	1565	1566
118	7	1575	1571	1570	1574	1573	1572	1576
119	8	1584	1579	1578	1577	1581	1580	1582	1583
120	7	1590	1586	1591	1587	1592	1588	1589
121	10	1594	1601	1600	1596	1602	1597	1603	1598	1599	1593
122	8	1609	1605	1604	1606	1610	1607	1608	1611
123	7	1620	1614	1613	1618	1617	1616	1619
124	7	1628	1623	1622	1626	1625	1624	1627
125	8	1636	1630	1629	1632	1631	1634	1633	1635
126	7	1643	1638	1644	1645	1641	1642	1646
127	8	1653	1649	1648	1650	1654	1651	1652	1655
128	9	1662	1656	1640	1658	1657	1660	1659	1661	1663
129	8	1674	1667	1666	1671	1670	1669	1672	1673
130	6	1680	1683	1681	1678	1682	1679
131	10	1684	1691	1690	1686	1692	1687	1693	1688	1689	1028
132	8	1701	1696	1695	1698	1697	1700	1699	1702
133	8	1710	1705	1704	1703	1707	1706	1708	1709
134	7	1715	1711	1668	1712	1716	1713	1714
135	6	1723	1720	1721	1724	1722	1719
136	9	1734	1727	1726	1729	1728	1731	1730	1732	1733
137	7	1741	1737	1742	1739	1743	1740	1744
138	6	1752	1755	1753	1750	1754	1751
139	9	1758	1764	1763	1760	1765	1761	1762	1756	1757
140	7	1769	1766	1767	1770	1768	1771	1772
141	9	1775	1780	1779	1776	1781	1777	1778	1773	1774
142	10	1793	1784	1783	1786	1785	1789	1788	1791	1790	1792
143	8	1800	1795	1794	1798	1797	1796	1799	1801
144	7	1806	1803	1807	1808	1805	1809	1810
145	7	1816	1812	1817	1814	1813	1815	1818
146	8	1824	1819	1825	1820	1826	1821	1822	1823
147	6	1830	1834	1828	1832	1835	1833
148	9	1838	1843	1842	1839	1844	1840	1841	1836	1837
149	7	1849	1846	1850	1851	1848	1852	1853
150	6	1857	1860	1855	1858	1861	1859
151	9	1864	1870	1869	1866	1871	1867	1868	1862	1863
152	10	1881	1874	1873	1876	1875	1878	1877	1879	1289	1880
153	7	1887	1883	1888	1885	1884	1886	1889
154	9	1898	1892	1891	1890	1894	1893	1896	1895	1897
155	8	1904	1899	1905	1900	1906	1901	1902	1903
156	7	1913	1909	1908	1911	1914	1912	1915
157	8	1922	1918	1917	1919	1923	1920	1921	1924
158	9	1932	1926	1925	1928	1927	1930	1929	1931	1933
159	8	1943	1937	1936	1940	1939	1942	1941	1944
160	7	1951	1946	1945	1949	1948	1947	1950
161	7	1958	1953	1952	1956	1955	1954	1957
162	8	237	163	197	195	296	293	306	236
163	8	213	194	198	197	162	237	238	164
164	8	226	165	214	213	163	238	244	225
165	8	184	179	215	214	164	226	227	180
166	8	230	205	207	204	430	395	396	167
167	9	381	168	232	230	166	396	402	401	380
168	8	185	180	233	232	167	381	382	181
169	8	385	373	374	371	1651	1637	1638	170
170	8	389	390	391	385	169	1638	1643	388
171	7	186	181	392	390	389	518	182
172	9	515	494	499	498	496	609	533	534	173
173	8	524	174	516	515	172	534	537	523
174	8	187	182	517	516	173	524	525	183
175	8	1343	1332	1333	249	298	195	196	176
176	8	220	177	1344	1343	175	196	199	194
177	8	218	217	1345	1344	176	220	224	219
178	7	188	183	531	218	219	222	179
179	8	165	184	189	188	178	222	223	215
180	8	168	185	190	184	165	227	234	233
181	8	171	186	191	185	168	382	393	392
182	8	174	187	192	186	171	518	521	517
183	8	178	188	193	187	174	525	532	531
184	6	179	165	180	190	0	189
185	6	180	168	181	191	0	190
186	6	181	171	182	192	0	191
187	6	182	174	183	193	0	192
188	6	183	178	179	189	0	193
189	4	184	0	188	179
190	4	185	0	184	180
191	4	186	0	185	181
192	4	187	0	186	182
193	4	188	0	187	183
194	8	163	213	221	220	176	199	201	198
195	8	175	298	299	296	162	197	200	196
196	6	176	175	195	200	1	199
197	6	195	162	163	198	1	200
198	5	194	201	1	197	163
199	5	196	1	201	194	176
200	4	197	1	196	195
201	4	198	194	199	1
202	8	228	225	243	240	239	203	208	205
203	8	340	206	209	208	202	239	362	311
204	8	166	207	210	206	345	343	433	430
205	8	202	208	211	207	166	230	231	228
206	8	203	340	346	345	204	210	212	209
207	6	204	166	205	211	2	210
208	6	205	202	203	209	2	211
209	5	206	212	2	208	203
210	5	207	2	212	206	204
211	4	208	2	207	205
212	4	209	206	210	2
213	6	164	214	3	221	194	163
214	5	165	215	3	213	164
215	5	179	223	3	214	165
216	8	528	508	509	506	1351	1340	1341	217
217	8	177	218	530	528	216	1341	1346	1345
218	7	178	531	28	530	217	177	219
219	6	3	222	178	218	177	224
220	6	177	176	194	221	3	224
221	4	213	3	220	194
222	5	179	178	219	3	223
223	4	215	179	222	3
224	4	219	177	220	3
225	8	164	244	245	243	202	228	229	226
226	6	165	164	225	229	4	227
227	5	180	165	226	4	234
228	6	225	202	205	231	4	229
229	4	226	225	228	4
230	6	205	166	167	232	4	231
231	4	228	205	230	4
232	5	230	167	168	233	4
233	5	180	234	4	232	168
234	4	227	4	233	180
235	7	305	303	363	239	240	241	236
236	8	162	306	309	305	235	241	242	237
237	6	163	162	236	242	5	238
238	5	164	163	237	5	244
239	7	235	363	14	362	203	202	240
240	6	5	241	235	239	202	243
241	5	236	235	240	5	242
242	4	237	236	241	5
243	5	240	202	225	245	5
244	5	225	164	238	5	245
245	4	243	225	244	5
246	8	285	275	278	277	364	303	304	247
247	8	294	248	286	285	246	304	307	293
248	8	265	260	287	286	247	294	295	261
249	8	1125	250	300	298	175	1333	1337	1124
250	8	266	261	301	300	249	1125	1129	262
251	8	1133	252	1148	1147	1146	1112	1114	1111
252	9	1122	1121	1149	1151	1148	251	1133	1134	253
253	8	267	262	1123	1122	252	1134	1135	263
254	8	1136	1111	1116	1113	1267	1268	1269	255
255	9	1254	256	1138	1136	254	1269	1274	1273	1253
256	8	268	263	1139	1138	255	1254	1255	264
257	9	288	258	1370	1357	1358	276	280	282	275
258	8	1261	1258	1371	1370	257	288	289	259
259	8	269	264	1263	1261	258	289	291	260
260	8	248	265	270	269	259	291	292	287
261	8	250	266	271	265	248	295	302	301
262	8	253	267	272	266	250	1129	1130	1123
263	8	256	268	273	267	253	1135	1140	1139
264	8	259	269	274	268	256	1255	1264	1263
265	6	260	248	261	271	6	270
266	6	261	250	262	272	6	271
267	6	262	253	263	273	6	272
268	6	263	256	264	274	6	273
269	6	264	259	260	270	6	274
270	4	265	6	269	260
271	4	266	6	265	261
272	4	267	6	266	262
273	4	268	6	267	263
274	4	269	6	268	264
275	8	246	285	290	288	257	282	283	278
276	7	257	1358	1359	355	356	279	280
277	8	353	350	365	364	246	278	281	279
278	6	275	283	7	281	277	246
279	8	276	356	357	353	277	281	284	280
280	6	257	276	279	284	7	282
281	5	279	277	278	7	284
282	5	275	257	280	7	283
283	4	278	275	282	7
284	4	280	279	281	7
285	6	247	286	8	290	275	246
286	5	248	287	8	285	247
287	5	260	292	8	286	248
288	6	258	257	275	290	8	289
289	5	259	258	288	8	291
290	4	288	275	285	8
291	5	260	259	289	8	292
292	4	287	260	291	8
293	8	247	307	310	306	162	296	297	294
294	6	248	247	293	297	9	295
295	5	261	248	294	9	302
296	6	293	162	195	299	9	297
297	4	294	293	296	9
298	6	195	175	249	300	9	299
299	4	296	195	298	9
300	5	298	249	250	301	9
301	5	261	302	9	300	250
302	4	295	9	301	261
303	8	246	364	367	363	235	305	308	304
304	6	247	246	303	308	10	307
305	6	303	235	236	309	10	308
306	6	236	162	293	310	10	309
307	5	293	247	304	10	310
308	4	304	303	305	10
309	4	305	236	306	10
310	4	306	293	307	10
311	8	351	312	341	340	203	362	366	350
312	8	330	325	342	341	311	351	352	326
313	8	819	314	1363	1360	1374	795	800	794
314	9	358	355	1365	1366	1363	313	819	824	818
315	7	331	326	360	358	818	822	327
316	9	820	794	799	798	796	835	836	837	317
317	8	815	816	821	820	316	837	842	814
318	7	332	327	817	816	815	826	328
319	8	423	320	1624	1612	1613	406	409	405
320	8	421	420	1627	1624	319	423	427	422
321	7	333	328	832	421	422	425	329
322	8	415	405	408	407	488	394	428	323
323	8	344	324	416	415	322	428	431	343
324	8	334	329	417	416	323	344	347	325
325	8	312	330	335	334	324	347	348	342
326	8	315	331	336	330	312	352	361	360
327	8	318	332	337	331	315	822	823	817
328	8	321	333	338	332	318	826	833	832
329	8	324	334	339	333	321	425	426	417
330	6	325	312	326	336	11	335
331	6	326	315	327	337	11	336
332	6	327	318	328	338	11	337
333	6	328	321	329	339	11	338
334	6	329	324	325	335	11	339
335	4	330	11	334	325
336	4	331	11	330	326
337	4	332	11	331	327
338	4	333	11	332	328
339	4	334	11	333	329
340	6	311	341	12	346	206	203
341	5	312	342	12	340	311
342	5	325	348	12	341	312
343	8	323	431	434	433	204	345	349	344
344	6	324	323	343	349	12	347
345	6	343	204	206	346	12	349
346	4	340	12	345	206
347	5	325	324	344	12	348
348	4	342	325	347	12
349	4	344	343	345	12
350	8	311	366	368	365	277	353	354	351
351	6	312	311	350	354	13	352
352	5	326	312	351	13	361
353	6	350	277	279	357	13	354
354	4	351	350	353	13
355	7	276	1359	1365	314	358	359	356
356	6	279	276	355	359	13	357
357	4	353	279	356	13
358	7	355	314	818	315	360	13	359
359	4	356	355	358	13
360	5	358	315	326	361	13
361	4	352	13	360	326
362	5	311	203	239	14	366
363	5	239	235	303	367	14
364	6	303	246	277	365	14	367
365	5	350	368	14	364	277
366	5	362	14	368	350	311
367	4	363	303	364	14
368	4	365	350	366	14
369	9	399	397	487	435	465	372	376	375	370
370	7	383	380	400	399	369	375	373
371	8	470	468	1652	1651	169	374	377	372
372	8	369	465	471	470	371	377	379	376
373	8	169	385	386	383	370	375	378	374
374	6	371	169	373	378	15	377
375	6	373	370	369	376	15	378
376	5	372	379	15	375	369
377	5	374	15	379	372	371
378	4	375	15	374	373
379	4	376	372	377	15
380	7	167	401	400	370	383	384	381
381	6	168	167	380	384	16	382
382	5	181	168	381	16	393
383	6	380	370	373	386	16	384
384	4	381	380	383	16
385	6	373	169	170	391	16	386
386	4	383	373	385	16
387	8	519	388	1642	1641	1640	495	500	494
388	8	170	1643	1646	1642	387	519	522	389
389	7	171	390	170	388	522	27	518
390	6	16	391	170	389	171	392
391	4	385	170	390	16
392	5	390	171	181	393	16
393	4	382	16	392	181
394	8	398	395	429	428	322	488	489	397
395	8	166	430	432	429	394	398	403	396
396	6	167	166	395	403	17	402
397	8	394	489	492	487	369	399	404	398
398	6	395	394	397	404	17	403
399	6	397	369	370	400	17	404
400	5	380	401	17	399	370
401	5	167	402	17	400	380
402	4	396	17	401	167
403	4	398	17	396	395
404	4	399	17	398	397
405	8	322	415	424	423	319	409	411	408
406	8	319	1613	1614	480	481	410	412	409
407	8	478	475	490	488	322	408	413	410
408	6	405	411	18	413	407	322
409	6	406	412	18	411	405	319
410	8	407	413	414	412	406	481	482	478
411	4	408	405	409	18
412	5	409	406	410	414	18
413	5	410	407	408	18	414
414	4	412	410	413	18
415	6	323	416	19	424	405	322
416	5	324	417	19	415	323
417	5	329	426	19	416	324
418	8	1622	419	807	806	949	929	1633	1621
419	8	829	808	810	807	418	1622	1623	420
420	8	320	421	831	829	419	1623	1628	1627
421	7	321	832	52	831	420	320	422
422	6	19	425	321	421	320	427
423	6	320	319	405	424	19	427
424	4	415	19	423	405
425	5	329	321	422	19	426
426	4	417	329	425	19
427	4	422	320	423	19
428	6	323	322	394	429	20	431
429	5	395	432	20	428	394
430	6	204	433	20	432	395	166
431	5	343	323	428	20	434
432	4	429	395	430	20
433	5	430	204	343	434	20
434	4	431	20	433	343
435	8	476	436	466	465	369	487	491	475
436	8	455	450	467	466	435	476	477	451
437	9	1407	438	1616	1615	1629	1383	1386	1388	1382
438	8	483	480	1619	1616	437	1407	1411	1406
439	7	456	451	485	483	1406	1409	452
440	8	1403	1382	1385	926	1468	1426	1427	441
441	8	1413	442	1404	1403	440	1427	1431	1412
442	8	457	452	1405	1404	441	1413	1414	453
443	8	1577	444	1588	1569	1570	546	1534	1533
444	8	1420	1417	1589	1588	443	1577	1578	445
445	8	458	453	1422	1420	444	1578	1579	454
446	8	1648	447	1532	1531	1553	1551	1661	1659
447	8	1580	1533	1536	1532	446	1648	1649	448
448	8	469	449	1582	1580	447	1649	1653	468
449	8	459	454	1583	1582	448	469	472	450
450	8	436	455	460	459	449	472	473	467
451	8	439	456	461	455	436	477	486	485
452	8	442	457	462	456	439	1409	1410	1405
453	8	445	458	463	457	442	1414	1423	1422
454	8	449	459	464	458	445	1579	1584	1583
455	6	450	436	451	461	21	460
456	6	451	439	452	462	21	461
457	6	452	442	453	463	21	462
458	6	453	445	454	464	21	463
459	6	454	449	450	460	21	464
460	4	455	21	459	450
461	4	456	21	455	451
462	4	457	21	456	452
463	4	458	21	457	453
464	4	459	21	458	454
465	6	435	466	22	471	372	369
466	5	436	467	22	465	435
467	5	450	473	22	466	436
468	8	448	1653	1655	1652	371	470	474	469
469	6	449	448	468	474	22	472
470	6	468	371	372	471	22	474
471	4	465	22	470	372
472	5	450	449	469	22	473
473	4	467	450	472	22
474	4	469	468	470	22
475	8	435	491	493	490	407	478	479	476
476	6	436	435	475	479	23	477
477	5	451	436	476	23	486
478	6	475	407	410	482	23	479
479	4	476	475	478	23
480	8	406	1614	1620	1619	438	483	484	481
481	6	410	406	480	484	23	482
482	4	478	410	481	23
483	7	480	438	1406	439	485	23	484
484	4	481	480	483	23
485	5	483	439	451	486	23
486	4	477	23	485	451
487	6	435	369	397	492	24	491
488	6	394	322	407	490	24	489
489	5	397	394	488	24	492
490	5	488	407	475	493	24
491	5	475	435	487	24	493
492	4	487	397	489	24
493	4	490	475	491	24
494	8	172	515	520	519	387	500	503	499
495	8	387	1640	1656	544	598	497	501	500
496	7	596	542	611	609	172	498	497
497	8	496	498	502	501	495	598	599	596
498	6	172	499	25	502	497	496
499	5	494	503	25	498	172
500	6	495	501	25	503	494	387
501	5	497	502	25	500	495
502	4	498	25	501	497
503	4	499	494	500	25
504	8	536	664	665	644	650	507	510	505
505	8	526	523	540	536	504	510	511	508
506	8	649	647	1354	1351	216	509	512	507
507	8	504	650	655	649	506	512	513	510
508	8	216	528	529	526	505	511	514	509
509	6	506	216	508	514	26	512
510	6	505	504	507	513	26	511
511	5	508	505	510	26	514
512	5	507	506	509	26	513
513	4	510	507	512	26
514	4	509	508	511	26
515	6	173	516	27	520	494	172
516	5	174	517	27	515	173
517	5	182	521	27	516	174
518	5	389	27	521	182	171
519	6	388	387	494	520	27	522
520	4	515	27	519	494
521	4	517	182	518	27
522	4	389	388	519	27
523	8	173	537	541	540	505	526	527	524
524	6	174	173	523	527	28	525
525	5	183	174	524	28	532
526	6	523	505	508	529	28	527
527	4	524	523	526	28
528	6	508	216	217	530	28	529
529	4	526	508	528	28
530	4	528	217	218	28
531	5	218	178	183	532	28
532	4	525	28	531	183
533	8	172	609	610	607	606	535	538	534
534	6	173	172	533	538	29	537
535	7	533	606	666	664	536	539	538
536	7	505	540	29	539	535	664	504
537	5	523	173	534	29	541
538	5	534	533	535	539	29
539	4	536	29	538	535
540	5	523	541	29	536	505
541	4	540	523	537	29
542	8	583	582	612	611	496	596	597	594
543	7	560	555	584	583	594	595	556
544	8	1552	545	600	598	495	1656	1662	1551
545	8	561	556	601	600	544	1552	1555	557
546	8	1548	1531	1535	1534	443	1570	1571	547
547	8	1559	548	1549	1548	546	1571	1575	1558
548	8	562	557	1550	1549	547	1559	1560	558
549	8	1563	1539	1542	1540	1813	1802	1803	550
550	8	685	551	1565	1563	549	1803	1806	684
551	8	563	558	1566	1565	550	685	689	559
552	8	687	673	677	674	694	695	696	553
553	8	586	682	688	687	552	696	700	585
554	7	564	559	683	682	586	590	555
555	8	543	560	565	564	554	590	591	584
556	8	545	561	566	560	543	595	602	601
557	8	548	562	567	561	545	1555	1556	1550
558	8	551	563	568	562	548	1560	1567	1566
559	8	554	564	569	563	551	689	690	683
560	6	555	543	556	566	30	565
561	6	556	545	557	567	30	566
562	6	557	548	558	568	30	567
563	6	558	551	559	569	30	568
564	6	559	554	555	565	30	569
565	4	560	30	564	555
566	4	561	30	560	556
567	4	562	30	561	557
568	4	563	30	562	558
569	4	564	30	563	559
570	8	604	571	577	574	656	614	667	603
571	8	588	575	578	577	570	604	605	582
572	8	785	573	576	575	587	585	699	697
573	8	659	574	579	576	572	785	786	616
574	8	570	577	580	579	573	659	660	656
575	8	571	588	593	587	572	576	581	578
576	6	573	579	31	581	575	572
577	6	574	570	571	578	31	580
578	5	575	581	31	577	571
579	5	576	573	574	580	31
580	4	577	31	579	574
581	4	578	575	576	31
582	8	542	583	589	588	571	605	613	612
583	7	543	584	32	589	582	542	594
584	5	555	591	32	583	543
585	8	553	700	702	699	572	587	592	586
586	7	554	682	553	585	592	32	590
587	6	585	572	575	593	32	592
588	6	575	571	582	589	32	593
589	4	583	32	588	582
590	5	555	554	586	32	591
591	4	584	555	590	32
592	4	586	585	587	32
593	4	587	575	588	32
594	6	33	595	543	583	542	597
595	5	556	543	594	33	602
596	6	542	496	497	599	33	597
597	4	594	542	596	33
598	6	497	495	544	600	33	599
599	4	596	497	598	33
600	5	598	544	545	601	33
601	5	556	602	33	600	545
602	4	595	33	601	556
603	7	570	667	668	606	607	608	604
604	6	571	570	603	608	34	605
605	5	582	571	604	34	613
606	7	603	668	38	666	535	533	607
607	6	34	608	603	606	533	610
608	4	604	603	607	34
609	6	533	172	496	611	34	610
610	4	607	533	609	34
611	5	609	496	542	612	34
612	5	582	613	34	611	542
613	4	605	34	612	582
614	9	645	644	669	670	667	570	656	657	615
615	8	634	629	646	645	614	657	658	630
616	8	776	617	661	659	573	786	792	775
617	8	635	630	662	661	616	776	777	631
618	8	1917	619	738	737	751	749	1931	1929
619	8	780	740	743	738	618	1917	1918	620
620	8	1166	621	782	780	619	1918	1922	1165
621	8	636	631	783	782	620	1166	1169	632
622	9	1184	623	1156	1158	1155	1229	1191	1240	1183
623	7	1162	1153	1156	622	1184	1185	624
624	8	1173	625	1163	1162	623	1185	1188	1172
625	8	637	632	1164	1163	624	1173	1174	633
626	8	1177	1103	1105	1102	1334	1331	1349	627
627	8	648	1179	1180	1177	626	1349	1352	647
628	7	638	633	1181	1179	648	652	629
629	8	615	634	639	638	628	652	653	646
630	8	617	635	640	634	615	658	663	662
631	8	621	636	641	635	617	777	784	783
632	8	625	637	642	636	621	1169	1170	1164
633	8	628	638	643	637	625	1174	1182	1181
634	6	629	615	630	640	35	639
635	6	630	617	631	641	35	640
636	6	631	621	632	642	35	641
637	6	632	625	633	643	35	642
638	6	633	628	629	639	35	643
639	4	634	35	638	629
640	4	635	35	634	630
641	4	636	35	635	631
642	4	637	35	636	632
643	4	638	35	637	633
644	7	614	645	651	650	504	665	669
645	6	615	646	36	651	644	614
646	5	629	653	36	645	615
647	8	627	1352	1355	1354	506	649	654	648
648	7	628	1179	627	647	654	36	652
649	6	647	506	507	655	36	654
650	6	507	504	644	651	36	655
651	4	645	36	650	644
652	5	629	628	648	36	653
653	4	646	629	652	36
654	4	648	647	649	36
655	4	649	507	650	36
656	6	614	570	574	660	37	657
657	5	615	614	656	37	658
658	5	630	615	657	37	663
659	6	574	573	616	661	37	660
660	4	656	574	659	37
661	5	659	616	617	662	37
662	5	630	663	37	661	617
663	4	658	37	662	630
664	6	38	665	504	536	535	666
665	5	644	504	664	38	669
666	4	664	535	606	38
667	6	603	570	614	670	38	668
668	4	606	603	667	38
669	5	614	644	665	38	670
670	4	667	614	669	38
671	8	1805	1804	1819	761	762	675	676	672
672	8	686	684	1809	1805	671	676	679	673
673	8	552	687	692	686	672	679	680	677
674	8	759	756	771	694	552	677	678	675
675	8	671	762	763	759	674	678	681	676
676	6	672	671	675	681	39	679
677	6	674	552	673	680	39	678
678	5	675	674	677	39	681
679	5	673	672	676	39	680
680	4	677	673	679	39
681	4	676	675	678	39
682	6	40	688	553	586	554	683
683	5	559	690	40	682	554
684	8	550	1806	1810	1809	672	686	691	685
685	6	551	550	684	691	40	689
686	6	684	672	673	692	40	691
687	6	673	552	553	688	40	692
688	4	682	40	687	553
689	5	559	551	685	40	690
690	4	683	559	689	40
691	4	685	684	686	40
692	4	686	673	687	40
693	7	695	694	770	768	787	697	698
694	7	693	695	552	674	771	46	770
695	6	41	696	552	694	693	698
696	5	553	552	695	41	700
697	8	693	787	788	785	572	699	701	698
698	5	695	693	697	701	41
699	6	697	572	585	702	41	701
700	5	585	553	696	41	702
701	4	698	697	699	41
702	4	699	585	700	41
703	9	746	737	742	741	739	789	768	769	704
704	8	757	705	747	746	703	769	772	756
705	8	727	722	748	747	704	757	758	723
706	8	1821	1811	1812	1480	1730	1717	1719	707
707	8	1777	708	1822	1821	706	1719	1722	1718
708	8	764	761	1823	1822	707	1777	1781	1776
709	7	728	723	766	764	1776	1779	724
710	8	1794	711	1720	1717	1728	1725	1740	1738
711	8	1773	1718	1721	1720	710	1794	1795	712
712	8	1783	713	1774	1773	711	1795	1800	1782
713	8	729	724	1775	1774	712	1783	1784	725
714	8	1901	1882	1883	1195	1862	1854	1857	715
715	8	1890	716	1902	1901	714	1857	1859	1856
716	8	1790	1787	1903	1902	715	1890	1891	717
717	8	730	725	1792	1790	716	1891	1892	726
718	8	1925	719	1855	1854	1867	1865	1912	1910
719	8	1893	1856	1858	1855	718	1925	1926	720
720	8	750	1895	1896	1893	719	1926	1932	749
721	7	731	726	1897	1895	750	753	722
722	8	705	727	732	731	721	753	754	748
723	8	709	728	733	727	705	758	767	766
724	8	713	729	734	728	709	1779	1780	1775
725	8	717	730	735	729	713	1784	1793	1792
726	8	721	731	736	730	717	1892	1898	1897
727	6	722	705	723	733	42	732
728	6	723	709	724	734	42	733
729	6	724	713	725	735	42	734
730	6	725	717	726	736	42	735
731	6	726	721	722	732	42	736
732	4	727	42	731	722
733	4	728	42	727	723
734	4	729	42	728	724
735	4	730	42	729	725
736	4	731	42	730	726
737	8	703	746	752	751	618	738	745	742
738	6	619	743	43	745	737	618
739	7	778	775	791	789	703	741	740
740	8	739	741	744	743	619	780	781	778
741	6	703	742	43	744	740	739
742	5	737	745	43	741	703
743	5	738	619	740	744	43
744	4	741	43	743	740
745	4	742	737	738	43
746	6	704	747	44	752	737	703
747	5	705	748	44	746	704
748	5	722	754	44	747	705
749	8	720	1932	1933	1931	618	751	755	750
750	7	721	1895	720	749	755	44	753
751	6	749	618	737	752	44	755
752	4	746	44	751	737
753	5	722	721	750	44	754
754	4	748	722	753	44
755	4	750	749	751	44
756	8	704	772	774	771	674	759	760	757
757	6	705	704	756	760	45	758
758	5	723	705	757	45	767
759	6	756	674	675	763	45	760
760	4	757	756	759	45
761	8	671	1819	1824	1823	708	764	765	762
762	6	675	671	761	765	45	763
763	4	759	675	762	45
764	7	761	708	1776	709	766	45	765
765	4	762	761	764	45
766	5	764	709	723	767	45
767	4	758	45	766	723
768	8	703	789	790	787	693	770	773	769
769	6	704	703	768	773	46	772
770	5	768	693	694	46	773
771	5	694	674	756	774	46
772	5	756	704	769	46	774
773	4	769	768	770	46
774	4	771	756	772	46
775	8	616	792	793	791	739	778	779	776
776	6	617	616	775	779	47	777
777	5	631	617	776	47	784
778	6	775	739	740	781	47	779
779	4	776	775	778	47
780	6	740	619	620	782	47	781
781	4	778	740	780	47
782	5	780	620	621	783	47
783	5	631	784	47	782	621
784	4	777	47	783	631
785	6	573	572	697	788	48	786
786	5	616	573	785	48	792
787	6	697	693	768	790	48	788
788	4	785	697	787	48
789	6	768	703	739	791	48	790
790	4	787	768	789	48
791	5	789	739	775	793	48
792	5	775	616	786	48	793
793	4	791	775	792	48
794	8	316	820	825	819	313	800	803	799
795	8	313	1374	1375	848	900	797	801	800
796	7	898	886	914	835	316	798	797
797	8	796	798	802	801	795	900	901	898
798	6	316	799	49	802	797	796
799	5	794	803	49	798	316
800	6	795	801	49	803	794	313
801	5	797	802	49	800	795
802	4	798	49	801	797
803	4	799	794	800	49
804	8	840	838	964	946	951	806	809	805
805	8	827	814	841	840	804	809	811	808
806	8	804	951	952	949	418	807	812	809
807	6	419	810	50	812	806	418
808	8	805	811	813	810	419	829	830	827
809	6	806	812	50	811	805	804
810	5	807	419	808	813	50
811	5	808	805	809	50	813
812	4	809	806	807	50
813	4	810	808	811	50
814	8	317	842	844	841	805	827	828	815
815	7	318	816	317	814	828	52	826
816	6	51	821	317	815	318	817
817	5	327	823	51	816	318
818	6	51	822	315	358	314	824
819	6	314	313	794	825	51	824
820	6	794	316	317	821	51	825
821	4	816	51	820	317
822	5	327	315	818	51	823
823	4	817	327	822	51
824	4	818	314	819	51
825	4	819	794	820	51
826	5	328	318	815	52	833
827	6	814	805	808	830	52	828
828	4	815	814	827	52
829	6	808	419	420	831	52	830
830	4	827	808	829	52
831	4	829	420	421	52
832	5	421	321	328	833	52
833	4	826	52	832	328
834	7	836	835	913	912	911	838	839
835	7	834	836	316	796	914	58	913
836	6	53	837	316	835	834	839
837	5	317	316	836	53	842
838	8	834	911	965	964	804	840	843	839
839	5	836	834	838	843	53
840	6	838	804	805	841	53	843
841	5	814	844	53	840	805
842	5	837	53	844	814	317
843	4	839	838	840	53
844	4	841	814	842	53
845	8	892	877	881	878	966	909	910	846
846	9	887	888	894	892	845	910	916	915	886
847	7	867	862	889	888	887	897	863
848	9	904	905	906	900	795	1375	1381	1380	903
849	7	868	863	907	905	904	1308	864
850	8	1323	851	1248	1245	1256	1253	1270	1265
851	8	1310	1246	1249	1248	850	1323	1324	852
852	8	1305	1306	1311	1310	851	1324	1329	1304
853	7	869	864	1307	1306	1305	1315	865
854	8	1936	855	1276	1275	1291	1197	1947	1935
855	8	1318	1278	1281	1276	854	1936	1937	856
856	8	1085	857	1320	1318	855	1937	1943	1084
857	8	870	865	1321	1320	856	1085	1089	866
858	8	1095	1072	1073	920	959	879	880	859
859	8	890	860	1096	1095	858	880	883	877
860	8	1082	1081	1097	1096	859	890	891	861
861	8	871	866	1083	1082	860	891	895	862
862	8	847	867	872	871	861	895	896	889
863	8	849	868	873	867	847	897	908	907
864	8	853	869	874	868	849	1308	1312	1307
865	8	857	870	875	869	853	1315	1322	1321
866	8	861	871	876	870	857	1089	1090	1083
867	6	862	847	863	873	54	872
868	6	863	849	864	874	54	873
869	6	864	853	865	875	54	874
870	6	865	857	866	876	54	875
871	6	866	861	862	872	54	876
872	4	867	54	871	862
873	4	868	54	867	863
874	4	869	54	868	864
875	4	870	54	869	865
876	4	871	54	870	866
877	8	845	892	893	890	859	883	884	881
878	8	956	918	967	966	845	881	882	879
879	8	858	959	960	956	878	882	885	880
880	6	859	858	879	885	55	883
881	6	878	845	877	884	55	882
882	5	879	878	881	55	885
883	5	877	859	880	55	884
884	4	881	877	883	55
885	4	880	879	882	55
886	7	846	915	914	796	898	899	887
887	7	847	888	846	886	899	57	897
888	6	56	894	846	887	847	889
889	5	862	896	56	888	847
890	6	860	859	877	893	56	891
891	5	861	860	890	56	895
892	6	877	845	846	894	56	893
893	4	890	877	892	56
894	4	892	846	888	56
895	5	862	861	891	56	896
896	4	889	862	895	56
897	5	863	847	887	57	908
898	6	886	796	797	901	57	899
899	4	887	886	898	57
900	6	797	795	848	906	57	901
901	4	898	797	900	57
902	8	1309	903	1379	1376	1367	1244	1247	1246
903	7	848	1380	1379	902	1309	1313	904
904	7	849	905	848	903	1313	92	1308
905	6	57	906	848	904	849	907
906	4	900	848	905	57
907	5	905	849	863	908	57
908	4	897	57	907	863
909	7	845	966	970	911	912	917	910
910	6	846	845	909	917	58	916
911	7	909	970	62	965	838	834	912
912	6	58	917	909	911	834	913
913	4	835	58	912	834
914	5	886	915	58	835	796
915	5	846	916	58	914	886
916	4	910	58	915	846
917	4	912	58	910	909
918	8	947	946	968	967	878	956	957	919
919	8	936	931	948	947	918	957	958	932
920	9	1059	921	961	959	858	1073	1079	1078	1058
921	8	937	932	962	961	920	1059	1060	933
922	8	1666	923	1001	1000	1030	983	1699	1665
923	8	1063	1003	1006	1001	922	1666	1667	924
924	9	1067	1068	1069	1063	923	1667	1674	1673	1066
925	7	938	933	1070	1068	1067	1448	934
926	8	1455	927	1469	1468	440	1385	1387	1384
927	9	1446	1445	1470	1472	1469	926	1455	1456	928
928	8	939	934	1447	1446	927	1456	1457	935
929	8	1461	1458	1635	1633	418	949	950	930
930	8	940	935	1463	1461	929	950	954	931
931	8	919	936	941	940	930	954	955	948
932	8	921	937	942	936	919	958	963	962
933	8	925	938	943	937	921	1060	1071	1070
934	8	928	939	944	938	925	1448	1452	1447
935	8	930	940	945	939	928	1457	1464	1463
936	6	931	919	932	942	59	941
937	6	932	921	933	943	59	942
938	6	933	925	934	944	59	943
939	6	934	928	935	945	59	944
940	6	935	930	931	941	59	945
941	4	936	59	940	931
942	4	937	59	936	932
943	4	938	59	937	933
944	4	939	59	938	934
945	4	940	59	939	935
946	8	918	947	953	951	804	964	969	968
947	6	919	948	60	953	946	918
948	5	931	955	60	947	919
949	6	929	418	806	952	60	950
950	5	930	929	949	60	954
951	6	806	804	946	953	60	952
952	4	949	806	951	60
953	4	951	946	947	60
954	5	931	930	950	60	955
955	4	948	931	954	60
956	6	918	878	879	960	61	957
957	5	919	918	956	61	958
958	5	932	919	957	61	963
959	6	879	858	920	961	61	960
960	4	956	879	959	61
961	5	959	920	921	962	61
962	5	932	963	61	961	921
963	4	958	61	962	932
964	6	946	804	838	965	62	969
965	4	911	62	964	838
966	6	909	845	878	967	62	970
967	5	918	968	62	966	878
968	5	946	969	62	967	918
969	4	964	62	968	946
970	4	911	909	966	62
971	9	1031	1000	1005	1004	1002	1048	1049	1050	972
972	8	1022	1023	1032	1031	971	1050	1055	1021
973	7	990	985	1024	1023	1022	1037	986
974	8	1840	975	1954	1934	1945	1287	1828	1827
975	8	1043	1040	1957	1954	974	1840	1844	1839
976	7	991	986	1045	1043	1839	1842	987
977	8	1836	1827	1830	1829	1884	1845	1846	978
978	8	1760	979	1837	1836	977	1846	1849	1759
979	8	992	987	1838	1837	978	1760	1763	988
980	9	1756	1747	1752	1751	1748	1796	1735	1766	981
981	8	1686	982	1757	1756	980	1766	1769	1685
982	8	993	988	1758	1757	981	1686	1690	989
983	9	1028	1027	1701	1702	1699	922	1030	1035	1029
984	7	994	989	1684	1028	1029	1033	985
985	8	973	990	995	994	984	1033	1034	1024
986	8	976	991	996	990	973	1037	1046	1045
987	8	979	992	997	991	976	1842	1843	1838
988	8	982	993	998	992	979	1763	1764	1758
989	8	984	994	999	993	982	1690	1691	1684
990	6	985	973	986	996	63	995
991	6	986	976	987	997	63	996
992	6	987	979	988	998	63	997
993	6	988	982	989	999	63	998
994	6	989	984	985	995	63	999
995	4	990	63	994	985
996	4	991	63	990	986
997	4	992	63	991	987
998	4	993	63	992	988
999	4	994	63	993	989
1000	8	971	1031	1036	1030	922	1001	1008	1005
1001	6	923	1006	64	1008	1000	922
1002	7	1061	1058	1077	1048	971	1004	1003
1003	8	1002	1004	1007	1006	923	1063	1064	1061
1004	6	971	1005	64	1007	1003	1002
1005	5	1000	1008	64	1004	971
1006	5	1001	923	1003	1007	64
1007	4	1004	64	1006	1003
1008	4	1005	1000	1001	64
1009	8	1053	1051	1093	1081	1087	1012	1015	1010
1010	8	1038	1021	1054	1053	1009	1015	1017	1014
1011	8	1086	1084	1941	1938	1952	1013	1016	1012
1012	8	1009	1087	1092	1086	1011	1016	1018	1015
1013	8	1011	1952	1953	1040	1041	1014	1019	1016
1014	8	1010	1017	1020	1019	1013	1041	1042	1038
1015	6	1012	1018	65	1017	1010	1009
1016	6	1013	1019	65	1018	1012	1011
1017	5	1014	1010	1015	65	1020
1018	4	1015	1012	1016	65
1019	5	1016	1013	1014	1020	65
1020	4	1017	65	1019	1014
1021	8	972	1055	1057	1054	1010	1038	1039	1022
1022	7	973	1023	972	1021	1039	67	1037
1023	6	66	1032	972	1022	973	1024
1024	5	985	1034	66	1023	973
1025	8	1695	1026	1679	1677	1703	1475	1713	1694
1026	8	1688	1676	1680	1679	1025	1695	1696	1027
1027	7	983	1028	1689	1688	1026	1696	1701
1028	7	984	1684	131	1689	1027	983	1029
1029	6	66	1033	984	1028	983	1035
1030	6	983	922	1000	1036	66	1035
1031	6	1000	971	972	1032	66	1036
1032	4	1023	66	1031	972
1033	5	985	984	1029	66	1034
1034	4	1024	985	1033	66
1035	4	1029	983	1030	66
1036	4	1030	1000	1031	66
1037	5	986	973	1022	67	1046
1038	6	1021	1010	1014	1042	67	1039
1039	4	1022	1021	1038	67
1040	8	1013	1953	1958	1957	975	1043	1044	1041
1041	6	1014	1013	1040	1044	67	1042
1042	4	1038	1014	1041	67
1043	7	1040	975	1839	976	1045	67	1044
1044	4	1041	1040	1043	67
1045	5	1043	976	986	1046	67
1046	4	1037	67	1045	986
1047	7	1049	1048	1076	1075	1074	1051	1052
1048	7	1047	1049	971	1002	1077	70	1076
1049	6	68	1050	971	1048	1047	1052
1050	5	972	971	1049	68	1055
1051	8	1047	1074	1094	1093	1009	1053	1056	1052
1052	5	1049	1047	1051	1056	68
1053	6	1051	1009	1010	1054	68	1056
1054	5	1021	1057	68	1053	1010
1055	5	1050	68	1057	1021	972
1056	4	1052	1051	1053	68
1057	4	1054	1021	1055	68
1058	7	920	1078	1077	1002	1061	1062	1059
1059	6	921	920	1058	1062	69	1060
1060	5	933	921	1059	69	1071
1061	6	1058	1002	1003	1064	69	1062
1062	4	1059	1058	1061	69
1063	6	1003	923	924	1069	69	1064
1064	4	1061	1003	1063	69
1065	8	1449	1066	1672	1669	1668	1436	1439	1438
1066	7	924	1673	1672	1065	1449	1453	1067
1067	7	925	1068	924	1066	1453	107	1448
1068	6	69	1069	924	1067	925	1070
1069	4	1063	924	1068	69
1070	5	1068	925	933	1071	69
1071	4	1060	69	1070	933
1072	7	858	1095	1099	1074	1075	1080	1073
1073	6	920	858	1072	1080	70	1079
1074	7	1072	1099	72	1094	1051	1047	1075
1075	6	70	1080	1072	1074	1047	1076
1076	4	1048	70	1075	1047
1077	5	1058	1078	70	1048	1002
1078	5	920	1079	70	1077	1058
1079	4	1073	70	1078	920
1080	4	1075	70	1073	1072
1081	8	860	1082	1088	1087	1009	1093	1098	1097
1082	6	861	1083	71	1088	1081	860
1083	5	866	1090	71	1082	861
1084	8	856	1943	1944	1941	1011	1086	1091	1085
1085	6	857	856	1084	1091	71	1089
1086	6	1084	1011	1012	1092	71	1091
1087	6	1012	1009	1081	1088	71	1092
1088	4	1082	71	1087	1081
1089	5	866	857	1085	71	1090
1090	4	1083	866	1089	71
1091	4	1085	1084	1086	71
1092	4	1086	1012	1087	71
1093	6	1081	1009	1051	1094	72	1098
1094	4	1074	72	1093	1051
1095	6	1072	858	859	1096	72	1099
1096	5	860	1097	72	1095	859
1097	5	1081	1098	72	1096	860
1098	4	1093	72	1097	1081
1099	4	1074	1072	1095	72
1100	8	1142	1101	1106	1103	1175	1172	1187	1141
1101	8	1127	1104	1107	1106	1100	1142	1143	1121
1102	8	626	1105	1108	1104	1126	1124	1336	1334
1103	8	1100	1106	1109	1105	626	1177	1178	1175
1104	8	1101	1127	1132	1126	1102	1108	1110	1107
1105	6	1102	626	1103	1109	73	1108
1106	6	1103	1100	1101	1107	73	1109
1107	5	1104	1110	73	1106	1101
1108	5	1105	73	1110	1104	1102
1109	4	1106	73	1105	1103
1110	4	1107	1104	1108	73
1111	8	251	1114	1117	1116	254	1136	1137	1133
1112	8	1223	1115	1118	1114	251	1146	1237	1217
1113	8	254	1116	1119	1115	1222	1220	1300	1267
1114	6	1111	251	1112	1118	74	1117
1115	8	1112	1223	1228	1222	1113	1119	1120	1118
1116	6	1113	254	1111	1117	74	1119
1117	4	1114	74	1116	1111
1118	5	1115	1120	74	1114	1112
1119	5	1116	74	1120	1115	1113
1120	4	1118	1115	1119	74
1121	7	252	1122	1128	1127	1101	1143	1149
1122	6	253	1123	75	1128	1121	252
1123	5	262	1130	75	1122	253
1124	8	249	1337	1339	1336	1102	1126	1131	1125
1125	6	250	249	1124	1131	75	1129
1126	6	1124	1102	1104	1132	75	1131
1127	6	1104	1101	1121	1128	75	1132
1128	4	1122	75	1127	1121
1129	5	262	250	1125	75	1130
1130	4	1123	262	1129	75
1131	4	1125	1124	1126	75
1132	4	1126	1104	1127	75
1133	6	252	251	1111	1137	76	1134
1134	5	253	252	1133	76	1135
1135	5	263	253	1134	76	1140
1136	6	1111	254	255	1138	76	1137
1137	4	1133	1111	1136	76
1138	5	1136	255	256	1139	76
1139	5	263	1140	76	1138	256
1140	4	1135	76	1139	263
1141	9	1100	1187	1189	1186	1183	1238	1144	1145	1142
1142	6	1101	1100	1141	1145	77	1143
1143	5	1121	1101	1142	77	1149
1144	7	1141	1238	1239	1146	1147	1150	1145
1145	5	1142	1141	1144	1150	77
1146	7	1144	1239	85	1237	1112	251	1147
1147	6	77	1150	1144	1146	251	1148
1148	5	252	1151	77	1147	251
1149	5	1143	77	1151	252	1121
1150	4	1145	1144	1147	77
1151	4	1148	252	1149	77
1152	8	1167	1165	1921	1920	1908	1154	1157	1153
1153	8	623	1162	1168	1167	1152	1157	1159	1156
1154	8	1152	1908	1909	1193	1232	1155	1160	1157
1155	8	622	1158	1161	1160	1154	1232	1233	1229
1156	6	1153	1159	78	1158	622	623
1157	6	1154	1160	78	1159	1153	1152
1158	5	1155	622	1156	78	1161
1159	4	1156	1153	1157	78
1160	5	1157	1154	1155	1161	78
1161	4	1158	78	1160	1155
1162	6	624	1163	79	1168	1153	623
1163	5	625	1164	79	1162	624
1164	5	632	1170	79	1163	625
1165	8	620	1922	1924	1921	1152	1167	1171	1166
1166	6	621	620	1165	1171	79	1169
1167	6	1165	1152	1153	1168	79	1171
1168	4	1162	79	1167	1153
1169	5	632	621	1166	79	1170
1170	4	1164	632	1169	79
1171	4	1166	1165	1167	79
1172	8	624	1188	1190	1187	1100	1175	1176	1173
1173	6	625	624	1172	1176	80	1174
1174	5	633	625	1173	80	1182
1175	6	1172	1100	1103	1178	80	1176
1176	4	1173	1172	1175	80
1177	6	1103	626	627	1180	80	1178
1178	4	1175	1103	1177	80
1179	6	80	1180	627	648	628	1181
1180	4	1177	627	1179	80
1181	5	1179	628	633	1182	80
1182	4	1174	80	1181	633
1183	7	622	1240	1241	1238	1141	1186	1184
1184	6	623	622	1183	1186	81	1185
1185	5	624	623	1184	81	1188
1186	5	1184	1183	1141	1189	81
1187	6	1141	1100	1172	1190	81	1189
1188	5	1172	624	1185	81	1190
1189	4	1186	1141	1187	81
1190	4	1187	1172	1188	81
1191	8	1218	1217	1242	1240	622	1229	1230	1192
1192	8	1207	1202	1219	1218	1191	1230	1231	1203
1193	8	1866	1194	1234	1232	1154	1909	1913	1865
1194	8	1208	1203	1235	1234	1193	1866	1869	1204
1195	8	1873	1196	1863	1862	714	1883	1887	1872
1196	8	1209	1204	1864	1863	1195	1873	1874	1205
1197	8	1289	1288	1950	1947	854	1291	1295	1290
1198	7	1210	1205	1880	1289	1290	1293	1206
1199	9	1284	1275	1280	1279	1277	1325	1296	1297	1200
1200	8	1221	1201	1285	1284	1199	1297	1301	1220
1201	8	1211	1206	1286	1285	1200	1221	1225	1202
1202	8	1192	1207	1212	1211	1201	1225	1226	1219
1203	8	1194	1208	1213	1207	1192	1231	1236	1235
1204	8	1196	1209	1214	1208	1194	1869	1870	1864
1205	8	1198	1210	1215	1209	1196	1874	1881	1880
1206	8	1201	1211	1216	1210	1198	1293	1294	1286
1207	6	1202	1192	1203	1213	82	1212
1208	6	1203	1194	1204	1214	82	1213
1209	6	1204	1196	1205	1215	82	1214
1210	6	1205	1198	1206	1216	82	1215
1211	6	1206	1201	1202	1212	82	1216
1212	4	1207	82	1211	1202
1213	4	1208	82	1207	1203
1214	4	1209	82	1208	1204
1215	4	1210	82	1209	1205
1216	4	1211	82	1210	1206
1217	8	1191	1218	1224	1223	1112	1237	1243	1242
1218	6	1192	1219	83	1224	1217	1191
1219	5	1202	1226	83	1218	1192
1220	8	1200	1301	1303	1300	1113	1222	1227	1221
1221	6	1201	1200	1220	1227	83	1225
1222	6	1220	1113	1115	1228	83	1227
1223	6	1115	1112	1217	1224	83	1228
1224	4	1218	83	1223	1217
1225	5	1202	1201	1221	83	1226
1226	4	1219	1202	1225	83
1227	4	1221	1220	1222	83
1228	4	1222	1115	1223	83
1229	6	1191	622	1155	1233	84	1230
1230	5	1192	1191	1229	84	1231
1231	5	1203	1192	1230	84	1236
1232	6	1155	1154	1193	1234	84	1233
1233	4	1229	1155	1232	84
1234	5	1232	1193	1194	1235	84
1235	5	1203	1236	84	1234	1194
1236	4	1231	84	1235	1203
1237	5	1217	1112	1146	85	1243
1238	6	1144	1141	1183	1241	85	1239
1239	4	1146	1144	1238	85
1240	6	1183	622	1191	1242	85	1241
1241	4	1238	1183	1240	85
1242	5	1240	1191	1217	1243	85
1243	4	1237	85	1242	1217
1244	8	1259	1245	1250	1247	902	1367	1368	1258
1245	8	850	1248	1251	1250	1244	1259	1260	1256
1246	8	851	1310	1314	1309	902	1247	1252	1249
1247	6	1244	1250	86	1252	1246	902
1248	6	1245	850	851	1249	86	1251
1249	5	1246	1252	86	1248	851
1250	5	1247	1244	1245	1251	86
1251	4	1248	86	1250	1245
1252	4	1249	1246	1247	86
1253	7	255	1273	1270	850	1256	1257	1254
1254	6	256	255	1253	1257	87	1255
1255	5	264	256	1254	87	1264
1256	6	1253	850	1245	1260	87	1257
1257	4	1254	1253	1256	87
1258	8	1244	1368	1372	1371	258	1261	1262	1259
1259	6	1245	1244	1258	1262	87	1260
1260	4	1256	1245	1259	87
1261	6	1258	258	259	1263	87	1262
1262	4	1259	1258	1261	87
1263	5	1261	259	264	1264	87
1264	4	1255	87	1263	264
1265	9	1298	1296	1326	1327	1323	850	1270	1271	1266
1266	7	1268	1267	1299	1298	1265	1271	1272
1267	7	1266	1268	254	1113	1300	91	1299
1268	6	88	1269	254	1267	1266	1272
1269	5	255	254	1268	88	1274
1270	6	1265	850	1253	1273	88	1271
1271	5	1266	1265	1270	88	1272
1272	4	1268	1266	1271	88
1273	5	1270	1253	255	1274	88
1274	4	1269	88	1273	255
1275	8	1199	1284	1292	1291	854	1276	1283	1280
1276	6	855	1281	89	1283	1275	854
1277	7	1316	1304	1328	1325	1199	1279	1278
1278	8	1277	1279	1282	1281	855	1318	1319	1316
1279	6	1199	1280	89	1282	1278	1277
1280	5	1275	1283	89	1279	1199
1281	5	1276	855	1278	1282	89
1282	4	1279	89	1281	1278
1283	4	1280	1275	1276	89
1284	6	1200	1285	90	1292	1275	1199
1285	5	1201	1286	90	1284	1200
1286	5	1206	1294	90	1285	1201
1287	8	1877	1831	1832	1828	974	1945	1946	1288
1288	8	1197	1289	1879	1877	1287	1946	1951	1950
1289	7	1198	1880	152	1879	1288	1197	1290
1290	6	90	1293	1198	1289	1197	1295
1291	6	1197	854	1275	1292	90	1295
1292	4	1284	90	1291	1275
1293	5	1206	1198	1290	90	1294
1294	4	1286	1206	1293	90
1295	4	1290	1197	1291	90
1296	7	1199	1325	1326	1265	1298	1302	1297
1297	6	1200	1199	1296	1302	91	1301
1298	6	1296	1265	1266	1299	91	1302
1299	4	1267	91	1298	1266
1300	5	1220	1303	91	1267	1113
1301	5	1297	91	1303	1220	1200
1302	4	1298	91	1297	1296
1303	4	1300	1220	1301	91
1304	8	852	1329	1330	1328	1277	1316	1317	1305
1305	7	853	1306	852	1304	1317	93	1315
1306	6	92	1311	852	1305	853	1307
1307	5	864	1312	92	1306	853
1308	5	904	92	1312	864	849
1309	6	903	902	1246	1314	92	1313
1310	6	1246	851	852	1311	92	1314
1311	4	1306	92	1310	852
1312	4	1307	864	1308	92
1313	4	904	903	1309	92
1314	4	1309	1246	1310	92
1315	5	865	853	1305	93	1322
1316	6	1304	1277	1278	1319	93	1317
1317	4	1305	1304	1316	93
1318	6	1278	855	856	1320	93	1319
1319	4	1316	1278	1318	93
1320	5	1318	856	857	1321	93
1321	5	865	1322	93	1320	857
1322	4	1315	93	1321	865
1323	6	851	850	1265	1327	94	1324
1324	5	852	851	1323	94	1329
1325	6	1296	1199	1277	1328	94	1326
1326	5	1265	1296	1325	94	1327
1327	4	1323	1265	1326	94
1328	5	1325	1277	1304	1330	94
1329	5	1304	852	1324	94	1330
1330	4	1328	1304	1329	94
1331	8	1342	1340	1350	1349	626	1334	1335	1332
1332	8	175	1343	1348	1342	1331	1335	1338	1333
1333	6	249	175	1332	1338	95	1337
1334	6	1331	626	1102	1336	95	1335
1335	5	1332	1331	1334	95	1338
1336	5	1334	1102	1124	1339	95
1337	5	1124	249	1333	95	1339
1338	4	1333	1332	1335	95
1339	4	1336	1124	1337	95
1340	8	216	1351	1353	1350	1331	1342	1347	1341
1341	6	217	216	1340	1347	96	1346
1342	6	1340	1331	1332	1348	96	1347
1343	6	1332	175	176	1344	96	1348
1344	5	177	1345	96	1343	176
1345	5	217	1346	96	1344	177
1346	4	1341	96	1345	217
1347	4	1342	96	1341	1340
1348	4	1343	96	1342	1332
1349	6	627	626	1331	1350	97	1352
1350	5	1340	1353	97	1349	1331
1351	6	506	1354	97	1353	1340	216
1352	5	647	627	1349	97	1355
1353	4	1350	1340	1351	97
1354	5	1351	506	647	1355	97
1355	4	1352	97	1354	647
1356	7	1361	1357	1369	1367	1376	1377	1360
1357	8	257	1370	1373	1369	1356	1361	1362	1358
1358	6	276	257	1357	1362	98	1359
1359	5	355	276	1358	98	1365
1360	8	1356	1377	1378	1374	313	1363	1364	1361
1361	6	1357	1356	1360	1364	98	1362
1362	4	1358	1357	1361	98
1363	6	1360	313	314	1366	98	1364
1364	4	1361	1360	1363	98
1365	5	314	355	1359	98	1366
1366	4	1363	314	1365	98
1367	7	1244	902	1376	1356	1369	99	1368
1368	5	1258	1244	1367	99	1372
1369	5	1367	1356	1357	1373	99
1370	6	1357	257	258	1371	99	1373
1371	5	1258	1372	99	1370	258
1372	4	1368	99	1371	1258
1373	4	1369	1357	1370	99
1374	6	795	313	1360	1378	100	1375
1375	5	848	795	1374	100	1381
1376	6	100	1377	1356	1367	902	1379
1377	5	1360	1356	1376	100	1378
1378	4	1374	1360	1377	100
1379	5	1376	902	903	1380	100
1380	5	848	1381	100	1379	903
1381	4	1375	100	1380	848
1382	8	440	1403	1408	1407	437	1388	1389	1385
1383	7	437	1629	1630	1458	1459	1384	1386
1384	8	926	1387	1390	1386	1383	1459	1460	1455
1385	6	1382	1389	101	1387	926	440
1386	6	437	1383	1384	1390	101	1388
1387	5	1384	926	1385	101	1390
1388	5	1382	437	1386	101	1389
1389	4	1385	1382	1388	101
1390	4	1386	1384	1387	101
1391	9	1415	1412	1430	1428	1524	1392	1398	1399	1394
1392	7	1507	1396	1398	1391	1524	1525	1501
1393	9	1607	1585	1586	1417	1418	1394	1401	1397	1395
1394	8	1391	1399	1402	1401	1393	1418	1419	1415
1395	7	1506	1504	1608	1607	1393	1397	1396
1396	8	1392	1507	1512	1506	1395	1397	1400	1398
1397	6	1393	1401	102	1400	1396	1395
1398	6	1391	1392	1396	1400	102	1399
1399	5	1394	1391	1398	102	1402
1400	4	1398	1396	1397	102
1401	5	1397	1393	1394	1402	102
1402	4	1399	102	1401	1394
1403	6	441	1404	103	1408	1382	440
1404	5	442	1405	103	1403	441
1405	5	452	1410	103	1404	442
1406	6	103	1409	439	483	438	1411
1407	6	438	437	1382	1408	103	1411
1408	4	1403	103	1407	1382
1409	5	452	439	1406	103	1410
1410	4	1405	452	1409	103
1411	4	1406	438	1407	103
1412	8	441	1431	1434	1430	1391	1415	1416	1413
1413	6	442	441	1412	1416	104	1414
1414	5	453	442	1413	104	1423
1415	6	1412	1391	1394	1419	104	1416
1416	4	1413	1412	1415	104
1417	8	1393	1586	1590	1589	444	1420	1421	1418
1418	6	1394	1393	1417	1421	104	1419
1419	4	1415	1394	1418	104
1420	6	1417	444	445	1422	104	1421
1421	4	1418	1417	1420	104
1422	5	1420	445	453	1423	104
1423	4	1414	104	1422	453
1424	8	1465	1435	1440	1437	1515	1473	1526	1425
1425	8	1429	1426	1467	1465	1424	1526	1527	1428
1426	8	440	1468	1471	1467	1425	1429	1432	1427
1427	6	441	440	1426	1432	105	1431
1428	8	1425	1527	1528	1524	1391	1430	1433	1429
1429	6	1426	1425	1428	1433	105	1432
1430	6	1428	1391	1412	1434	105	1433
1431	5	1412	441	1427	105	1434
1432	4	1427	1426	1429	105
1433	4	1429	1428	1430	105
1434	4	1430	1412	1431	105
1435	8	1450	1438	1441	1440	1424	1465	1466	1445
1436	8	1065	1668	1711	1517	1518	1437	1442	1439
1437	8	1424	1440	1443	1442	1436	1518	1519	1515
1438	8	1435	1450	1454	1449	1065	1439	1444	1441
1439	6	1436	1442	106	1444	1438	1065
1440	6	1437	1424	1435	1441	106	1443
1441	5	1438	1444	106	1440	1435
1442	5	1439	1436	1437	1443	106
1443	4	1440	106	1442	1437
1444	4	1441	1438	1439	106
1445	7	927	1446	1451	1450	1435	1466	1470
1446	6	928	1447	107	1451	1445	927
1447	5	934	1452	107	1446	928
1448	5	1067	107	1452	934	925
1449	6	1066	1065	1438	1454	107	1453
1450	6	1438	1435	1445	1451	107	1454
1451	4	1446	107	1450	1445
1452	4	1447	934	1448	107
1453	4	1067	1066	1449	107
1454	4	1449	1438	1450	107
1455	6	927	926	1384	1460	108	1456
1456	5	928	927	1455	108	1457
1457	5	935	928	1456	108	1464
1458	8	1383	1630	1636	1635	929	1461	1462	1459
1459	6	1384	1383	1458	1462	108	1460
1460	4	1455	1384	1459	108
1461	6	1458	929	930	1463	108	1462
1462	4	1459	1458	1461	108
1463	5	1461	930	935	1464	108
1464	4	1457	108	1463	935
1465	6	1435	1424	1425	1467	109	1466
1466	5	1445	1435	1465	109	1470
1467	5	1465	1425	1426	1471	109
1468	6	1426	440	926	1469	109	1471
1469	5	927	1472	109	1468	926
1470	5	1466	109	1472	927	1445
1471	4	1467	1426	1468	109
1472	4	1469	927	1470	109
1473	8	1502	1501	1529	1526	1424	1515	1516	1513
1474	7	1491	1486	1503	1502	1513	1514	1487
1475	8	1520	1517	1714	1713	1025	1703	1704	1476
1476	8	1492	1487	1522	1520	1475	1704	1705	1488
1477	8	1706	1677	1678	1675	1768	1736	1737	1478
1478	8	1726	1479	1708	1706	1477	1737	1741	1725
1479	8	1493	1488	1709	1708	1478	1726	1727	1489
1480	8	1596	1481	1732	1730	706	1812	1816	1595
1481	8	1494	1489	1733	1732	1480	1596	1600	1490
1482	9	1604	1483	1543	1544	1539	1561	1558	1572	1568
1483	7	1598	1541	1543	1482	1604	1605	1484
1484	8	1505	1593	1599	1598	1483	1605	1609	1504
1485	7	1495	1490	1594	1593	1505	1509	1486
1486	8	1474	1491	1496	1495	1485	1509	1510	1503
1487	8	1476	1492	1497	1491	1474	1514	1523	1522
1488	8	1479	1493	1498	1492	1476	1705	1710	1709
1489	8	1481	1494	1499	1493	1479	1727	1734	1733
1490	8	1485	1495	1500	1494	1481	1600	1601	1594
1491	6	1486	1474	1487	1497	110	1496
1492	6	1487	1476	1488	1498	110	1497
1493	6	1488	1479	1489	1499	110	1498
1494	6	1489	1481	1490	1500	110	1499
1495	6	1490	1485	1486	1496	110	1500
1496	4	1491	110	1495	1486
1497	4	1492	110	1491	1487
1498	4	1493	110	1492	1488
1499	4	1494	110	1493	1489
1500	4	1495	110	1494	1490
1501	8	1473	1502	1508	1507	1392	1525	1530	1529
1502	7	1474	1503	111	1508	1501	1473	1513
1503	5	1486	1510	111	1502	1474
1504	8	1484	1609	1611	1608	1395	1506	1511	1505
1505	7	1485	1593	1484	1504	1511	111	1509
1506	6	1504	1395	1396	1512	111	1511
1507	6	1396	1392	1501	1508	111	1512
1508	4	1502	111	1507	1501
1509	5	1486	1485	1505	111	1510
1510	4	1503	1486	1509	111
1511	4	1505	1504	1506	111
1512	4	1506	1396	1507	111
1513	6	112	1514	1474	1502	1473	1516
1514	5	1487	1474	1513	112	1523
1515	6	1473	1424	1437	1519	112	1516
1516	4	1513	1473	1515	112
1517	8	1436	1711	1715	1714	1475	1520	1521	1518
1518	6	1437	1436	1517	1521	112	1519
1519	4	1515	1437	1518	112
1520	6	1517	1475	1476	1522	112	1521
1521	4	1518	1517	1520	112
1522	5	1520	1476	1487	1523	112
1523	4	1514	112	1522	1487
1524	6	1392	1391	1428	1528	113	1525
1525	5	1501	1392	1524	113	1530
1526	6	1425	1424	1473	1529	113	1527
1527	5	1428	1425	1526	113	1528
1528	4	1524	1428	1527	113
1529	5	1526	1473	1501	1530	113
1530	4	1525	113	1529	1501
1531	8	546	1548	1554	1553	446	1532	1538	1535
1532	6	447	1536	114	1538	1531	446
1533	8	443	1534	1537	1536	447	1580	1581	1577
1534	6	546	1535	114	1537	1533	443
1535	5	1531	1538	114	1534	546
1536	5	1532	447	1533	1537	114
1537	4	1534	114	1536	1533
1538	4	1535	1531	1532	114
1539	8	1482	1544	1547	1542	549	1563	1564	1561
1540	8	1597	1595	1815	1813	549	1542	1545	1541
1541	8	1483	1598	1603	1597	1540	1545	1546	1543
1542	6	1540	549	1539	1547	115	1545
1543	6	1482	1483	1541	1546	115	1544
1544	5	1539	1482	1543	115	1547
1545	5	1541	1540	1542	115	1546
1546	4	1543	1541	1545	115
1547	4	1542	1539	1544	115
1548	6	547	1549	116	1554	1531	546
1549	5	548	1550	116	1548	547
1550	5	557	1556	116	1549	548
1551	8	544	1662	1663	1661	446	1553	1557	1552
1552	6	545	544	1551	1557	116	1555
1553	6	1551	446	1531	1554	116	1557
1554	4	1548	116	1553	1531
1555	5	557	545	1552	116	1556
1556	4	1550	557	1555	116
1557	4	1552	1551	1553	116
1558	8	547	1575	1576	1572	1482	1561	1562	1559
1559	6	548	547	1558	1562	117	1560
1560	5	558	548	1559	117	1567
1561	6	1558	1482	1539	1564	117	1562
1562	4	1559	1558	1561	117
1563	6	1539	549	550	1565	117	1564
1564	4	1561	1539	1563	117
1565	5	1563	550	551	1566	117
1566	5	558	1567	117	1565	551
1567	4	1560	117	1566	558
1568	8	1587	1585	1606	1604	1482	1572	1573	1569
1569	8	443	1588	1592	1587	1568	1573	1574	1570
1570	6	546	443	1569	1574	118	1571
1571	5	547	546	1570	118	1575
1572	6	1568	1482	1558	1576	118	1573
1573	5	1569	1568	1572	118	1574
1574	4	1570	1569	1573	118
1575	5	1558	547	1571	118	1576
1576	4	1572	1558	1575	118
1577	6	444	443	1533	1581	119	1578
1578	5	445	444	1577	119	1579
1579	5	454	445	1578	119	1584
1580	6	1533	447	448	1582	119	1581
1581	4	1577	1533	1580	119
1582	5	1580	448	449	1583	119
1583	5	454	1584	119	1582	449
1584	4	1579	119	1583	454
1585	8	1393	1607	1610	1606	1568	1587	1591	1586
1586	6	1417	1393	1585	1591	120	1590
1587	6	1585	1568	1569	1592	120	1591
1588	6	1569	443	444	1589	120	1592
1589	5	1417	1590	120	1588	444
1590	4	1586	120	1589	1417
1591	4	1587	120	1586	1585
1592	4	1588	120	1587	1569
1593	6	121	1599	1484	1505	1485	1594
1594	5	1490	1601	121	1593	1485
1595	8	1480	1816	1818	1815	1540	1597	1602	1596
1596	6	1481	1480	1595	1602	121	1600
1597	6	1595	1540	1541	1603	121	1602
1598	6	1541	1483	1484	1599	121	1603
1599	4	1593	121	1598	1484
1600	5	1490	1481	1596	121	1601
1601	4	1594	1490	1600	121
1602	4	1596	1595	1597	121
1603	4	1597	1541	1598	121
1604	6	1483	1482	1568	1606	122	1605
1605	5	1484	1483	1604	122	1609
1606	5	1604	1568	1585	1610	122
1607	6	1585	1393	1395	1608	122	1610
1608	5	1504	1611	122	1607	1395
1609	5	1605	122	1611	1504	1484
1610	4	1606	1585	1607	122
1611	4	1608	1504	1609	122
1612	9	319	1624	1625	1621	1631	1615	1617	1618	1613
1613	6	406	319	1612	1618	123	1614
1614	5	480	406	1613	123	1620
1615	7	1612	1631	1632	1629	437	1616	1617
1616	6	1615	437	438	1619	123	1617
1617	5	1612	1615	1616	123	1618
1618	4	1613	1612	1617	123
1619	5	1616	438	480	1620	123
1620	4	1614	123	1619	480
1621	8	418	1633	1634	1631	1612	1625	1626	1622
1622	6	419	418	1621	1626	124	1623
1623	5	420	419	1622	124	1628
1624	6	1612	319	320	1627	124	1625
1625	5	1621	1612	1624	124	1626
1626	4	1622	1621	1625	124
1627	5	1624	320	420	1628	124
1628	4	1623	124	1627	420
1629	6	1383	437	1615	1632	125	1630
1630	5	1458	1383	1629	125	1636
1631	6	1615	1612	1621	1634	125	1632
1632	4	1629	1615	1631	125
1633	6	1621	418	929	1635	125	1634
1634	4	1631	1621	1633	125
1635	5	1633	929	1458	1636	125
1636	4	1630	125	1635	1458
1637	9	169	1651	1654	1650	1647	1657	1639	1644	1638
1638	6	170	169	1637	1644	126	1643
1639	7	1637	1657	1658	1640	1641	1645	1644
1640	7	1639	1658	128	1656	495	387	1641
1641	6	126	1645	1639	1640	387	1642
1642	5	388	1646	126	1641	387
1643	5	388	170	1638	126	1646
1644	5	1638	1637	1639	1645	126
1645	4	1641	126	1644	1639
1646	4	1642	388	1643	126
1647	6	1659	1660	1657	1637	1650	1648
1648	7	447	446	1659	1647	1650	127	1649
1649	5	448	447	1648	127	1653
1650	5	1648	1647	1637	1654	127
1651	6	1637	169	371	1652	127	1654
1652	5	468	1655	127	1651	371
1653	5	1649	127	1655	468	448
1654	4	1650	1637	1651	127
1655	4	1652	468	1653	127
1656	5	544	495	1640	128	1662
1657	6	1639	1637	1647	1660	128	1658
1658	4	1640	1639	1657	128
1659	6	128	1660	1647	1648	446	1661
1660	4	1657	1647	1659	128
1661	5	1659	446	1551	1663	128
1662	5	1551	544	1656	128	1663
1663	4	1661	1551	1662	128
1664	7	1697	1694	1712	1668	1669	1670	1665
1665	8	922	1699	1700	1697	1664	1670	1671	1666
1666	6	923	922	1665	1671	129	1667
1667	5	924	923	1666	129	1674
1668	7	1664	1712	134	1711	1436	1065	1669
1669	6	129	1670	1664	1668	1065	1672
1670	5	1665	1664	1669	129	1671
1671	4	1666	1665	1670	129
1672	5	1669	1065	1066	1673	129
1673	5	924	1674	129	1672	1066
1674	4	1667	129	1673	924
1675	8	1687	1685	1771	1768	1477	1678	1681	1676
1676	8	1026	1688	1693	1687	1675	1681	1683	1680
1677	8	1477	1706	1707	1703	1025	1679	1682	1678
1678	6	1675	1477	1677	1682	130	1681
1679	6	1677	1025	1026	1680	130	1682
1680	5	1676	1683	130	1679	1026
1681	5	1678	130	1683	1676	1675
1682	4	1679	130	1678	1677
1683	4	1680	1676	1681	130
1684	5	989	1691	131	1028	984
1685	8	981	1769	1772	1771	1675	1687	1692	1686
1686	6	982	981	1685	1692	131	1690
1687	6	1685	1675	1676	1693	131	1692
1688	6	1676	1026	1027	1689	131	1693
1689	4	1028	131	1688	1027
1690	5	989	982	1686	131	1691
1691	4	1684	989	1690	131
1692	4	1686	1685	1687	131
1693	4	1687	1676	1688	131
1694	8	1025	1713	1716	1712	1664	1697	1698	1695
1695	6	1026	1025	1694	1698	132	1696
1696	5	1027	1026	1695	132	1701
1697	6	1694	1664	1665	1700	132	1698
1698	4	1695	1694	1697	132
1699	6	1665	922	983	1702	132	1700
1700	4	1697	1665	1699	132
1701	5	983	1027	1696	132	1702
1702	4	1699	983	1701	132
1703	6	1475	1025	1677	1707	133	1704
1704	5	1476	1475	1703	133	1705
1705	5	1488	1476	1704	133	1710
1706	6	1677	1477	1478	1708	133	1707
1707	4	1703	1677	1706	133
1708	5	1706	1478	1479	1709	133
1709	5	1488	1710	133	1708	1479
1710	4	1705	133	1709	1488
1711	5	1517	1436	1668	134	1715
1712	5	1668	1664	1694	1716	134
1713	6	1694	1025	1475	1714	134	1716
1714	5	1517	1715	134	1713	1475
1715	4	1711	134	1714	1517
1716	4	1712	1694	1713	134
1717	8	710	1720	1723	1719	706	1730	1731	1728
1718	8	711	1773	1778	1777	707	1722	1724	1721
1719	6	707	706	1717	1723	135	1722
1720	6	1717	710	711	1721	135	1723
1721	5	1718	1724	135	1720	711
1722	5	1719	135	1724	1718	707
1723	4	1720	135	1719	1717
1724	4	1721	1718	1722	135
1725	8	1478	1741	1744	1740	710	1728	1729	1726
1726	6	1479	1478	1725	1729	136	1727
1727	5	1489	1479	1726	136	1734
1728	6	1725	710	1717	1731	136	1729
1729	4	1726	1725	1728	136
1730	6	1717	706	1480	1732	136	1731
1731	4	1728	1717	1730	136
1732	5	1730	1480	1481	1733	136
1733	5	1489	1734	136	1732	1481
1734	4	1727	136	1733	1489
1735	8	1739	1736	1767	1766	980	1796	1797	1738
1736	8	1477	1768	1770	1767	1735	1739	1742	1737
1737	6	1478	1477	1736	1742	137	1741
1738	8	1735	1797	1798	1794	710	1740	1743	1739
1739	6	1736	1735	1738	1743	137	1742
1740	6	1738	710	1725	1744	137	1743
1741	5	1725	1478	1737	137	1744
1742	4	1737	1736	1739	137
1743	4	1739	1738	1740	137
1744	4	1740	1725	1741	137
1745	8	1848	1847	1899	1787	1788	1749	1750	1746
1746	8	1761	1759	1852	1848	1745	1750	1753	1747
1747	8	980	1756	1762	1761	1746	1753	1755	1752
1748	7	1785	1782	1799	1796	980	1751	1749
1749	8	1745	1788	1789	1785	1748	1751	1754	1750
1750	6	1746	1745	1749	1754	138	1753
1751	6	1749	1748	980	1752	138	1754
1752	5	1747	1755	138	1751	980
1753	5	1750	138	1755	1747	1746
1754	4	1751	138	1750	1749
1755	4	1752	1747	1753	138
1756	6	981	1757	139	1762	1747	980
1757	5	982	1758	139	1756	981
1758	5	988	1764	139	1757	982
1759	8	978	1849	1853	1852	1746	1761	1765	1760
1760	6	979	978	1759	1765	139	1763
1761	6	1759	1746	1747	1762	139	1765
1762	4	1756	139	1761	1747
1763	5	988	979	1760	139	1764
1764	4	1758	988	1763	139
1765	4	1760	1759	1761	139
1766	6	981	980	1735	1767	140	1769
1767	5	1736	1770	140	1766	1735
1768	6	1675	1771	140	1770	1736	1477
1769	5	1685	981	1766	140	1772
1770	4	1767	1736	1768	140
1771	5	1768	1675	1685	1772	140
1772	4	1769	140	1771	1685
1773	6	712	1774	141	1778	1718	711
1774	5	713	1775	141	1773	712
1775	5	724	1780	141	1774	713
1776	6	141	1779	709	764	708	1781
1777	6	708	707	1718	1778	141	1781
1778	4	1773	141	1777	1718
1779	5	724	709	1776	141	1780
1780	4	1775	724	1779	141
1781	4	1776	708	1777	141
1782	8	712	1800	1801	1799	1748	1785	1786	1783
1783	6	713	712	1782	1786	142	1784
1784	5	725	713	1783	142	1793
1785	6	1782	1748	1749	1789	142	1786
1786	4	1783	1782	1785	142
1787	8	1745	1899	1904	1903	716	1790	1791	1788
1788	6	1749	1745	1787	1791	142	1789
1789	4	1785	1749	1788	142
1790	6	1787	716	717	1792	142	1791
1791	4	1788	1787	1790	142
1792	5	1790	717	725	1793	142
1793	4	1784	142	1792	725
1794	6	711	710	1738	1798	143	1795
1795	5	712	711	1794	143	1800
1796	6	1735	980	1748	1799	143	1797
1797	5	1738	1735	1796	143	1798
1798	4	1794	1738	1797	143
1799	5	1796	1748	1782	1801	143
1800	5	1782	712	1795	143	1801
1801	4	1799	1782	1800	143
1802	8	549	1813	1814	1811	1820	1804	1807	1803
1803	6	550	549	1802	1807	144	1806
1804	8	1802	1820	1825	1819	671	1805	1808	1807
1805	6	672	1809	144	1808	1804	671
1806	5	684	550	1803	144	1810
1807	5	1803	1802	1804	1808	144
1808	4	1805	144	1807	1804
1809	5	684	1810	144	1805	672
1810	4	1809	684	1806	144
1811	8	706	1821	1826	1820	1802	1814	1817	1812
1812	6	1480	706	1811	1817	145	1816
1813	6	1802	549	1540	1815	145	1814
1814	5	1811	1802	1813	145	1817
1815	5	1813	1540	1595	1818	145
1816	5	1595	1480	1812	145	1818
1817	4	1812	1811	1814	145
1818	4	1815	1595	1816	145
1819	6	761	671	1804	1825	146	1824
1820	6	1804	1802	1811	1826	146	1825
1821	6	1811	706	707	1822	146	1826
1822	5	708	1823	146	1821	707
1823	5	761	1824	146	1822	708
1824	4	1819	146	1823	761
1825	4	1820	146	1819	1804
1826	4	1821	146	1820	1811
1827	8	977	1836	1841	1840	974	1828	1834	1830
1828	6	1287	1832	147	1834	1827	974
1829	8	1875	1872	1886	1884	977	1830	1833	1831
1830	6	1827	1834	147	1833	1829	977
1831	8	1287	1877	1878	1875	1829	1833	1835	1832
1832	5	1828	1287	1831	1835	147
1833	5	1831	1829	1830	147	1835
1834	4	1830	1827	1828	147
1835	4	1832	1831	1833	147
1836	6	978	1837	148	1841	1827	977
1837	5	979	1838	148	1836	978
1838	5	987	1843	148	1837	979
1839	6	148	1842	976	1043	975	1844
1840	6	975	974	1827	1841	148	1844
1841	4	1836	148	1840	1827
1842	5	987	976	1839	148	1843
1843	4	1838	987	1842	148
1844	4	1839	975	1840	148
1845	8	977	1884	1885	1882	1900	1847	1850	1846
1846	6	978	977	1845	1850	149	1849
1847	8	1845	1900	1905	1899	1745	1848	1851	1850
1848	6	1746	1852	149	1851	1847	1745
1849	5	1759	978	1846	149	1853
1850	5	1846	1845	1847	1851	149
1851	4	1848	149	1850	1847
1852	5	1759	1853	149	1848	1746
1853	4	1852	1759	1849	149
1854	8	714	1862	1868	1867	718	1855	1860	1857
1855	6	719	1858	150	1860	1854	718
1856	8	715	1859	1861	1858	719	1893	1894	1890
1857	6	1854	1860	150	1859	715	714
1858	5	1855	719	1856	1861	150
1859	5	1856	715	1857	150	1861
1860	4	1857	1854	1855	150
1861	4	1858	1856	1859	150
1862	6	1195	1863	151	1868	1854	714
1863	5	1196	1864	151	1862	1195
1864	5	1204	1870	151	1863	1196
1865	8	1193	1913	1915	1912	718	1867	1871	1866
1866	6	1194	1193	1865	1871	151	1869
1867	6	1865	718	1854	1868	151	1871
1868	4	1862	151	1867	1854
1869	5	1204	1194	1866	151	1870
1870	4	1864	1204	1869	151
1871	4	1866	1865	1867	151
1872	8	1195	1887	1889	1886	1829	1875	1876	1873
1873	6	1196	1195	1872	1876	152	1874
1874	5	1205	1196	1873	152	1881
1875	6	1872	1829	1831	1878	152	1876
1876	4	1873	1872	1875	152
1877	6	1831	1287	1288	1879	152	1878
1878	4	1875	1831	1877	152
1879	4	1877	1288	1289	152
1880	5	1289	1198	1205	1881	152
1881	4	1874	152	1880	1205
1882	8	714	1901	1906	1900	1845	1885	1888	1883
1883	6	1195	714	1882	1888	153	1887
1884	6	1845	977	1829	1886	153	1885
1885	5	1882	1845	1884	153	1888
1886	5	1884	1829	1872	1889	153
1887	5	1872	1195	1883	153	1889
1888	4	1883	1882	1885	153
1889	4	1886	1872	1887	153
1890	6	716	715	1856	1894	154	1891
1891	5	717	716	1890	154	1892
1892	5	726	717	1891	154	1898
1893	6	1856	719	720	1896	154	1894
1894	4	1890	1856	1893	154
1895	6	154	1896	720	750	721	1897
1896	4	1893	720	1895	154
1897	5	1895	721	726	1898	154
1898	4	1892	154	1897	726
1899	6	1787	1745	1847	1905	155	1904
1900	6	1847	1845	1882	1906	155	1905
1901	6	1882	714	715	1902	155	1906
1902	5	716	1903	155	1901	715
1903	5	1787	1904	155	1902	716
1904	4	1899	155	1903	1787
1905	4	1900	155	1899	1847
1906	4	1901	155	1900	1882
1907	8	1920	1923	1919	1916	1927	1910	1911	1908
1908	7	1154	1152	1920	1907	1911	156	1909
1909	5	1193	1154	1908	156	1913
1910	8	1907	1927	1928	1925	718	1912	1914	1911
1911	5	1908	1907	1910	1914	156
1912	6	1910	718	1865	1915	156	1914
1913	5	1865	1193	1909	156	1915
1914	4	1911	1910	1912	156
1915	4	1912	1865	1913	156
1916	6	1929	1930	1927	1907	1919	1917
1917	7	619	618	1929	1916	1919	157	1918
1918	5	620	619	1917	157	1922
1919	5	1917	1916	1907	1923	157
1920	6	157	1923	1907	1908	1152	1921
1921	5	1165	1924	157	1920	1152
1922	5	1918	157	1924	1165	620
1923	4	1919	1907	1920	157
1924	4	1921	1165	1922	157
1925	6	719	718	1910	1928	158	1926
1926	5	720	719	1925	158	1932
1927	6	1910	1907	1916	1930	158	1928
1928	4	1925	1910	1927	158
1929	6	158	1930	1916	1917	618	1931
1930	4	1927	1916	1929	158
1931	5	1929	618	749	1933	158
1932	5	749	720	1926	158	1933
1933	4	1931	749	1932	158
1934	9	1939	1935	1948	1949	1945	974	1954	1955	1938
1935	7	854	1947	1948	1934	1939	1940	1936
1936	6	855	854	1935	1940	159	1937
1937	5	856	855	1936	159	1943
1938	8	1934	1955	1956	1952	1011	1941	1942	1939
1939	6	1935	1934	1938	1942	159	1940
1940	4	1936	1935	1939	159
1941	6	1938	1011	1084	1944	159	1942
1942	4	1939	1938	1941	159
1943	5	1084	856	1937	159	1944
1944	4	1941	1084	1943	159
1945	6	1287	974	1934	1949	160	1946
1946	5	1288	1287	1945	160	1951
1947	6	1935	854	1197	1950	160	1948
1948	5	1934	1935	1947	160	1949
1949	4	1945	1934	1948	160
1950	5	1947	1197	1288	1951	160
1951	4	1946	160	1950	1288
1952	6	1013	1011	1938	1956	161	1953
1953	5	1040	1013	1952	161	1958
1954	6	1934	974	975	1957	161	1955
1955	5	1938	1934	1954	161	1956
1956	4	1952	1938	1955	161
1957	5	1954	975	1040	1958	161
1958	4	1953	161	1957	1040
