180	184	165
164	213	163
205	228	202
225	226	164
261	265	248
247	285	246
195	296	162
293	294	247
326	330	312
311	340	203
279	353	277
350	351	311
236	237	162
277	364	246
239	240	235
236	305	235
181	185	168
167	230	166
373	383	370
380	381	167
325	334	324
323	415	322
206	345	204
343	344	323
451	455	436
435	465	369
410	478	407
475	476	435
204	430	166
407	488	322
370	399	369
397	398	394
183	187	174
173	515	172
508	526	505
523	524	173
556	560	543
582	588	571
497	596	496
583	594	543
630	634	615
644	650	504
574	656	570
615	645	614
496	609	172
603	604	570
505	536	504
606	607	603
555	564	554
553	687	552
575	587	572
585	586	553
723	727	705
704	746	703
675	759	674
756	757	704
631	635	617
616	659	573
740	778	739
775	776	616
674	694	552
739	789	703
697	785	572
768	787	693
328	332	318
317	820	316
808	827	805
814	815	317
863	867	847
846	892	845
797	898	796
886	887	846
932	936	919
946	951	804
879	956	878
919	947	918
796	835	316
878	966	845
805	840	804
911	912	909
986	990	973
972	1031	971
1014	1038	1010
1021	1022	972
933	937	921
920	959	858
1003	1061	1002
1058	1059	920
862	871	861
1081	1087	1009
877	890	859
861	1082	860
1002	1048	971
859	1095	858
1010	1053	1009
1074	1075	1072
263	267	253
1121	1127	1101
1111	1133	251
253	1122	252
633	637	625
624	1162	623
1103	1175	1100
1172	1173	624
1203	1207	1192
1217	1223	1112
1155	1229	622
1192	1218	1191
1141	1142	1100
1183	1184	622
1146	1147	1144
1183	1238	1141
264	268	256
255	1136	254
1245	1256	850
1253	1254	255
1202	1211	1201
1200	1284	1199
1115	1222	1113
1220	1221	1200
865	869	853
852	1310	851
1278	1316	1277
1304	1305	852
1113	1267	254
1277	1325	1199
1265	1323	850
1266	1298	1265
262	266	250
249	298	175
1104	1126	1102
1124	1125	249
179	188	178
217	528	216
194	220	176
218	219	178
629	638	628
627	1177	626
507	649	506
647	648	627
176	1343	175
506	1351	216
1102	1334	626
1332	1342	1331
327	331	315
355	356	276
794	819	313
358	818	315
260	269	259
1258	1259	1244
275	288	257
259	1261	258
864	868	849
848	900	795
1246	1309	902
903	904	848
1357	1358	257
1367	1376	1356
1360	1374	313
1360	1361	1356
453	457	442
441	1403	440
1394	1415	1391
1412	1413	441
935	939	928
1445	1450	1435
1384	1455	926
928	1446	927
1487	1491	1474
1501	1507	1392
1437	1515	1424
1502	1513	1474
926	1468	440
1425	1465	1424
1428	1524	1391
1428	1429	1425
558	562	548
547	1548	546
1539	1561	1482
1558	1559	547
454	458	445
1417	1418	1393
1533	1577	443
445	1420	444
1486	1495	1485
1484	1598	1483
1396	1506	1395
1504	1505	1484
1569	1570	443
1395	1607	1393
1568	1604	1482
1569	1587	1568
452	456	439
480	481	406
1382	1407	437
483	1406	439
329	333	321
420	829	419
405	423	319
421	422	321
931	940	930
1458	1459	1383
806	949	418
930	1461	929
1612	1613	319
1621	1622	418
1615	1629	437
1621	1631	1612
182	186	171
170	385	169
494	519	387
388	389	170
450	459	449
448	1580	447
372	470	371
468	469	448
557	561	545
544	598	495
1531	1553	446
1551	1552	544
371	1651	169
1648	1659	1647
1640	1641	1639
1647	1657	1637
934	938	925
924	1063	923
1438	1449	1065
1066	1067	924
985	994	984
1027	1688	1026
1000	1030	922
1028	1029	984
1488	1492	1476
1517	1518	1436
1677	1703	1025
1476	1520	1475
1665	1666	922
1694	1695	1025
1668	1669	1664
1665	1697	1664
1489	1493	1479
1478	1706	1477
1717	1728	710
1725	1726	1478
989	993	982
981	1756	980
1676	1687	1675
1685	1686	981
725	729	713
712	1773	711
1749	1785	1748
1782	1783	712
1675	1768	1477
1748	1796	980
1738	1794	710
1738	1739	1735
559	563	551
550	1563	549
673	686	672
684	685	550
1490	1494	1481
1480	1730	706
1541	1597	1540
1595	1596	1480
724	728	709
761	762	671
1718	1777	707
764	1776	709
1540	1813	549
707	1821	706
672	1805	671
1811	1820	1802
988	992	979
978	1836	977
1747	1761	1746
1759	1760	978
1205	1209	1196
1195	1862	714
1831	1875	1829
1872	1873	1195
726	730	717
1787	1788	1745
1856	1890	715
717	1790	716
1829	1884	977
715	1901	714
1746	1848	1745
1882	1900	1845
1204	1208	1194
1193	1232	1154
1854	1867	718
1865	1866	1193
632	636	621
620	780	619
1153	1167	1152
1165	1166	620
722	731	721
720	1893	719
737	751	618
749	750	720
1908	1920	1907
1917	1929	1916
1910	1925	718
1916	1927	1907
866	870	857
856	1318	855
1012	1086	1011
1084	1085	856
1206	1210	1198
1288	1877	1287
1275	1291	854
1289	1290	1198
987	991	976
1040	1041	1013
1827	1840	974
1043	1839	976
1935	1936	854
1934	1945	974
1938	1952	1011
1938	1939	1934
163	197	162
293	306	162
194	198	163
237	238	163
165	214	164
238	244	164
179	215	165
226	227	165
205	207	166
395	396	166
168	232	167
396	402	167
180	233	168
381	382	168
373	374	169
1637	1638	169
390	392	16
1638	1643	170
181	392	171
389	518	171
494	499	172
533	534	172
174	516	173
534	537	173
182	517	174
524	525	174
1332	1333	175
195	196	175
177	1344	176
196	199	176
217	1345	177
220	224	177
183	531	178
219	224	3
184	189	179
222	223	179
185	190	180
227	234	180
186	191	181
382	393	181
187	192	182
518	521	182
188	193	183
525	532	183
179	165	184
184	190	0
180	168	185
185	191	0
181	171	186
186	192	0
182	174	187
187	193	0
183	178	188
188	189	0
184	0	189
188	179	189
185	0	190
184	180	190
186	0	191
185	181	191
187	0	192
186	182	192
188	0	193
187	183	193
213	221	194
199	201	194
298	299	195
197	200	195
176	175	196
196	200	1
195	162	197
197	198	1
198	201	1
197	163	198
196	1	199
194	176	199
197	1	200
196	195	200
198	194	201
199	1	201
225	243	202
203	208	202
206	209	203
239	362	203
207	210	204
343	433	204
208	211	205
230	231	205
340	346	206
210	212	206
204	166	207
207	211	2
205	202	208
208	209	2
209	212	2
208	203	209
207	2	210
206	204	210
208	2	211
207	205	211
209	206	212
210	2	212
213	214	3
194	163	213
214	215	3
213	164	214
215	223	3
214	165	215
508	509	216
1340	1341	216
218	530	217
1341	1346	217
218	531	28
217	177	218
219	222	178
218	177	219
177	176	220
220	221	3
213	3	221
220	194	221
179	178	222
219	3	222
215	179	223
222	3	223
219	177	224
220	3	224
244	245	225
228	229	225
165	164	226
226	229	4
180	165	227
226	4	227
225	202	228
228	231	4
226	225	229
228	4	229
205	166	230
230	232	4
228	205	231
230	4	231
230	167	232
232	233	4
233	234	4
232	168	233
227	4	234
233	180	234
303	363	235
240	243	5
306	309	236
241	242	236
163	162	237
237	242	5
164	163	238
237	5	238
239	363	14
203	202	239
240	241	235
239	202	240
236	235	241
240	5	241
237	236	242
241	5	242
240	202	243
243	245	5
225	164	244
238	5	244
243	225	245
244	5	245
275	278	246
303	304	246
248	286	247
304	307	247
260	287	248
294	295	248
250	300	249
1333	1337	249
261	301	250
1125	1129	250
252	1148	251
1112	1114	251
1149	1151	252
1133	1134	252
262	1123	253
1134	1135	253
1111	1116	254
1268	1272	88
256	1138	255
1269	1274	255
263	1139	256
1254	1255	256
258	1370	257
280	282	257
1258	1371	258
288	289	258
264	1263	259
289	291	259
265	270	260
291	292	260
266	271	261
295	302	261
267	272	262
1129	1130	262
268	273	263
1135	1140	263
269	274	264
1255	1264	264
260	248	265
265	271	6
261	250	266
266	272	6
262	253	267
267	273	6
263	256	268
268	274	6
264	259	269
269	270	6
265	6	270
269	260	270
266	6	271
265	261	271
267	6	272
266	262	272
268	6	273
267	263	273
269	6	274
268	264	274
285	290	275
282	283	275
1358	1359	276
279	280	276
350	365	277
278	281	277
278	283	7
277	246	278
356	357	279
281	284	279
257	276	280
280	284	7
279	277	281
278	7	281
275	257	282
280	7	282
278	275	283
282	7	283
280	279	284
281	7	284
285	286	8
275	246	285
286	287	8
285	247	286
287	292	8
286	248	287
258	257	288
288	290	8
259	258	289
288	8	289
288	275	290
285	8	290
260	259	291
289	8	291
287	260	292
291	8	292
307	310	293
296	297	293
248	247	294
294	297	9
261	248	295
294	9	295
293	162	296
296	299	9
294	293	297
296	9	297
195	175	298
298	300	9
296	195	299
298	9	299
298	249	300
300	301	9
301	302	9
300	250	301
295	9	302
301	261	302
364	367	303
305	308	303
247	246	304
304	308	10
303	235	305
305	309	10
236	162	306
306	310	10
293	247	307
304	10	307
304	303	308
305	10	308
305	236	309
306	10	309
306	293	310
307	10	310
312	341	311
362	366	311
325	342	312
351	352	312
314	1363	313
795	800	313
1365	1366	314
819	824	314
326	360	315
818	824	51
794	799	316
836	839	53
816	817	51
837	842	317
327	817	318
815	826	318
320	1624	319
406	409	319
420	1627	320
423	427	320
328	832	321
422	427	19
405	408	322
394	428	322
324	416	323
428	431	323
329	417	324
344	347	324
330	335	325
347	348	325
331	336	326
352	361	326
332	337	327
822	823	327
333	338	328
826	833	328
334	339	329
425	426	329
325	312	330
330	336	11
326	315	331
331	337	11
327	318	332
332	338	11
328	321	333
333	339	11
329	324	334
334	335	11
330	11	335
334	325	335
331	11	336
330	326	336
332	11	337
331	327	337
333	11	338
332	328	338
334	11	339
333	329	339
340	341	12
206	203	340
341	342	12
340	311	341
342	348	12
341	312	342
431	434	343
345	349	343
324	323	344
344	349	12
343	204	345
345	346	12
340	12	346
345	206	346
325	324	347
344	12	347
342	325	348
347	12	348
344	343	349
345	12	349
366	368	350
353	354	350
312	311	351
351	354	13
326	312	352
351	13	352
350	277	353
353	357	13
351	350	354
353	13	354
1359	1365	355
358	359	355
279	276	356
356	359	13
353	279	357
356	13	357
355	314	358
358	360	13
356	355	359
358	13	359
358	315	360
360	361	13
352	13	361
360	326	361
311	203	362
239	14	362
239	235	363
363	367	14
303	246	364
364	365	14
365	368	14
364	277	365
362	14	366
350	311	366
363	303	367
364	14	367
365	350	368
366	14	368
397	487	369
372	376	369
380	400	370
369	375	370
468	1652	371
374	377	371
465	471	372
377	379	372
385	386	373
375	378	373
371	169	374
374	378	15
373	370	375
375	376	15
376	379	15
375	369	376
374	15	377
372	371	377
375	15	378
374	373	378
376	372	379
377	15	379
167	401	380
383	384	380
168	167	381
381	384	16
181	168	382
381	16	382
380	370	383
383	386	16
381	380	384
383	16	384
373	169	385
385	391	16
383	373	386
385	16	386
388	1642	387
495	500	387
1643	1646	388
519	522	388
389	390	170
389	522	27
390	391	170
389	171	390
385	170	391
390	16	391
390	171	392
392	393	16
382	16	393
392	181	393
395	429	394
488	489	394
430	432	395
398	403	395
167	166	396
396	403	17
489	492	397
399	404	397
395	394	398
398	404	17
397	369	399
399	400	17
400	401	17
399	370	400
401	402	17
400	380	401
396	17	402
401	167	402
398	17	403
396	395	403
399	17	404
398	397	404
415	424	405
409	411	405
1613	1614	406
410	412	406
475	490	407
408	413	407
408	411	18
407	322	408
409	412	18
405	319	409
413	414	410
481	482	410
408	405	411
409	18	411
409	406	412
412	414	18
410	407	413
408	18	413
412	410	414
413	18	414
415	416	19
405	322	415
416	417	19
415	323	416
417	426	19
416	324	417
419	807	418
929	1633	418
808	810	419
1622	1623	419
421	831	420
1623	1628	420
421	832	52
420	320	421
422	425	321
421	320	422
320	319	423
423	424	19
415	19	424
423	405	424
329	321	425
422	19	425
417	329	426
425	19	426
422	320	427
423	19	427
323	322	428
428	429	20
429	432	20
428	394	429
430	433	20
395	166	430
343	323	431
428	20	431
429	395	432
430	20	432
430	204	433
433	434	20
431	20	434
433	343	434
436	466	435
487	491	435
450	467	436
476	477	436
438	1616	437
1386	1388	437
480	1619	438
1407	1411	438
451	485	439
1406	1411	103
1382	1385	440
1426	1427	440
442	1404	441
1427	1431	441
452	1405	442
1413	1414	442
444	1588	443
546	1534	443
1417	1589	444
1577	1578	444
453	1422	445
1578	1579	445
447	1532	446
1551	1661	446
1533	1536	447
1648	1649	447
449	1582	448
1649	1653	448
454	1583	449
469	472	449
455	460	450
472	473	450
456	461	451
477	486	451
457	462	452
1409	1410	452
458	463	453
1414	1423	453
459	464	454
1579	1584	454
450	436	455
455	461	21
451	439	456
456	462	21
452	442	457
457	463	21
453	445	458
458	464	21
454	449	459
459	460	21
455	21	460
459	450	460
456	21	461
455	451	461
457	21	462
456	452	462
458	21	463
457	453	463
459	21	464
458	454	464
465	466	22
372	369	465
466	467	22
465	435	466
467	473	22
466	436	467
1653	1655	468
470	474	468
449	448	469
469	474	22
468	371	470
470	471	22
465	22	471
470	372	471
450	449	472
469	22	472
467	450	473
472	22	473
469	468	474
470	22	474
491	493	475
478	479	475
436	435	476
476	479	23
451	436	477
476	23	477
475	407	478
478	482	23
476	475	479
478	23	479
1614	1620	480
483	484	480
410	406	481
481	484	23
478	410	482
481	23	482
480	438	483
483	485	23
481	480	484
483	23	484
483	439	485
485	486	23
477	23	486
485	451	486
435	369	487
487	492	24
394	322	488
488	490	24
397	394	489
488	24	489
488	407	490
490	493	24
475	435	491
487	24	491
487	397	492
489	24	492
490	475	493
491	24	493
515	520	494
500	503	494
1640	1656	495
497	501	495
542	611	496
172	498	496
498	502	497
598	599	497
498	499	25
497	496	498
499	503	25
498	172	499
500	501	25
494	387	500
501	502	25
500	495	501
498	25	502
501	497	502
499	494	503
500	25	503
664	666	38
507	510	504
523	540	505
510	511	505
647	1354	506
509	512	506
650	655	507
512	513	507
528	529	508
511	514	508
506	216	509
509	514	26
505	504	510
510	513	26
508	505	511
510	26	511
507	506	512
509	26	512
510	507	513
512	26	513
509	508	514
511	26	514
515	516	27
494	172	515
516	517	27
515	173	516
517	521	27
516	174	517
389	27	518
182	171	518
388	387	519
519	520	27
515	27	520
519	494	520
517	182	521
518	27	521
389	388	522
519	27	522
537	541	523
526	527	523
174	173	524
524	527	28
183	174	525
524	28	525
523	505	526
526	529	28
524	523	527
526	28	527
508	216	528
528	530	28
526	508	529
528	28	529
528	217	530
218	28	530
218	178	531
531	532	28
525	28	532
531	183	532
609	610	533
535	538	533
173	172	534
534	538	29
606	666	535
536	539	535
536	540	29
536	664	504
523	173	537
534	29	537
534	533	538
538	539	29
536	29	539
538	535	539
540	541	29
536	505	540
540	523	541
537	29	541
582	612	542
596	597	542
555	584	543
594	597	33
545	600	544
1656	1662	544
556	601	545
1552	1555	545
1531	1535	546
1570	1571	546
548	1549	547
1571	1575	547
557	1550	548
1559	1560	548
1539	1542	549
1802	1803	549
551	1565	550
1803	1806	550
558	1566	551
685	689	551
673	677	552
695	698	41
682	683	40
696	700	553
559	683	554
586	590	554
560	565	555
590	591	555
561	566	556
595	602	556
562	567	557
1555	1556	557
563	568	558
1560	1567	558
564	569	559
689	690	559
555	543	560
560	566	30
556	545	561
561	567	30
557	548	562
562	568	30
558	551	563
563	569	30
559	554	564
564	565	30
560	30	565
564	555	565
561	30	566
560	556	566
562	30	567
561	557	567
563	30	568
562	558	568
564	30	569
563	559	569
571	577	570
614	667	570
575	578	571
604	605	571
573	576	572
585	699	572
574	579	573
785	786	573
577	580	574
659	660	574
588	593	575
576	581	575
576	579	31
575	572	576
574	570	577
577	578	31
578	581	31
577	571	578
576	573	579
579	580	31
577	31	580
579	574	580
578	575	581
576	31	581
583	589	582
605	613	582
583	584	32
582	542	583
584	591	32
583	543	584
700	702	585
587	592	585
586	682	553
586	592	32
585	572	587
587	593	32
575	571	588
588	589	32
583	32	589
588	582	589
555	554	590
586	32	590
584	555	591
590	32	591
586	585	592
587	32	592
587	575	593
588	32	593
594	595	543
583	542	594
556	543	595
594	33	595
542	496	596
596	599	33
594	542	597
596	33	597
497	495	598
598	600	33
596	497	599
598	33	599
598	544	600
600	601	33
601	602	33
600	545	601
595	33	602
601	556	602
667	668	603
607	610	34
571	570	604
604	608	34
582	571	605
604	34	605
606	668	38
535	533	606
607	608	603
606	533	607
604	603	608
607	34	608
533	172	609
609	611	34
607	533	610
609	34	610
609	496	611
611	612	34
612	613	34
611	542	612
605	34	613
612	582	613
669	670	614
656	657	614
629	646	615
657	658	615
617	661	616
786	792	616
630	662	617
776	777	617
619	738	618
749	1931	618
740	743	619
1917	1918	619
621	782	620
1918	1922	620
631	783	621
1166	1169	621
1156	1158	622
1191	1240	622
1153	1156	623
1184	1185	623
625	1163	624
1185	1188	624
632	1164	625
1173	1174	625
1103	1105	626
1331	1349	626
1179	1181	80
1349	1352	627
633	1181	628
648	652	628
634	639	629
652	653	629
635	640	630
658	663	630
636	641	631
777	784	631
637	642	632
1169	1170	632
638	643	633
1174	1182	633
629	615	634
634	640	35
630	617	635
635	641	35
631	621	636
636	642	35
632	625	637
637	643	35
633	628	638
638	639	35
634	35	639
638	629	639
635	35	640
634	630	640
636	35	641
635	631	641
637	35	642
636	632	642
638	35	643
637	633	643
645	651	644
665	669	644
645	646	36
644	614	645
646	653	36
645	615	646
1352	1355	647
649	654	647
648	1179	627
648	654	36
647	506	649
649	655	36
507	504	650
650	651	36
645	36	651
650	644	651
629	628	652
648	36	652
646	629	653
652	36	653
648	647	654
649	36	654
649	507	655
650	36	655
614	570	656
656	660	37
615	614	657
656	37	657
630	615	658
657	37	658
574	573	659
659	661	37
656	574	660
659	37	660
659	616	661
661	662	37
662	663	37
661	617	662
658	37	663
662	630	663
664	665	504
536	535	664
644	504	665
664	38	665
664	535	666
606	38	666
603	570	667
667	670	38
606	603	668
667	38	668
614	644	669
665	38	669
667	614	670
669	38	670
1804	1819	671
675	676	671
684	1809	672
676	679	672
687	692	673
679	680	673
756	771	674
677	678	674
762	763	675
678	681	675
672	671	676
676	681	39
674	552	677
677	680	39
675	674	678
677	39	678
673	672	679
676	39	679
677	673	680
679	39	680
676	675	681
678	39	681
682	688	553
586	554	682
683	690	40
682	554	683
1806	1810	684
686	691	684
551	550	685
685	691	40
684	672	686
686	692	40
673	552	687
687	688	40
682	40	688
687	553	688
559	551	689
685	40	689
683	559	690
689	40	690
685	684	691
686	40	691
686	673	692
687	40	692
694	770	693
697	698	693
694	695	552
694	771	46
695	696	552
694	693	695
553	552	696
695	41	696
787	788	697
699	701	697
695	693	698
698	701	41
697	572	699
699	702	41
585	553	700
696	41	700
698	697	701
699	41	701
699	585	702
700	41	702
737	742	703
768	769	703
705	747	704
769	772	704
722	748	705
757	758	705
1811	1812	706
1717	1719	706
708	1822	707
1719	1722	707
761	1823	708
1777	1781	708
723	766	709
1776	1781	141
711	1720	710
1725	1740	710
1718	1721	711
1794	1795	711
713	1774	712
1795	1800	712
724	1775	713
1783	1784	713
1882	1883	714
1854	1857	714
716	1902	715
1857	1859	715
1787	1903	716
1890	1891	716
725	1792	717
1891	1892	717
719	1855	718
1865	1912	718
1856	1858	719
1925	1926	719
1895	1897	154
1926	1932	720
726	1897	721
750	753	721
727	732	722
753	754	722
728	733	723
758	767	723
729	734	724
1779	1780	724
730	735	725
1784	1793	725
731	736	726
1892	1898	726
722	705	727
727	733	42
723	709	728
728	734	42
724	713	729
729	735	42
725	717	730
730	736	42
726	721	731
731	732	42
727	42	732
731	722	732
728	42	733
727	723	733
729	42	734
728	724	734
730	42	735
729	725	735
731	42	736
730	726	736
746	752	737
738	745	737
738	743	43
737	618	738
775	791	739
703	741	739
741	744	740
780	781	740
741	742	43
740	739	741
742	745	43
741	703	742
738	619	743
743	744	43
741	43	744
743	740	744
742	737	745
738	43	745
746	747	44
737	703	746
747	748	44
746	704	747
748	754	44
747	705	748
1932	1933	749
751	755	749
750	1895	720
750	755	44
749	618	751
751	752	44
746	44	752
751	737	752
722	721	753
750	44	753
748	722	754
753	44	754
750	749	755
751	44	755
772	774	756
759	760	756
705	704	757
757	760	45
723	705	758
757	45	758
756	674	759
759	763	45
757	756	760
759	45	760
1819	1824	761
764	765	761
675	671	762
762	765	45
759	675	763
762	45	763
761	708	764
764	766	45
762	761	765
764	45	765
764	709	766
766	767	45
758	45	767
766	723	767
789	790	768
770	773	768
704	703	769
769	773	46
768	693	770
694	46	770
694	674	771
771	774	46
756	704	772
769	46	772
769	768	773
770	46	773
771	756	774
772	46	774
792	793	775
778	779	775
617	616	776
776	779	47
631	617	777
776	47	777
775	739	778
778	781	47
776	775	779
778	47	779
740	619	780
780	782	47
778	740	781
780	47	781
780	620	782
782	783	47
783	784	47
782	621	783
777	47	784
783	631	784
573	572	785
785	788	48
616	573	786
785	48	786
697	693	787
787	790	48
785	697	788
787	48	788
768	703	789
789	791	48
787	768	790
789	48	790
789	739	791
791	793	48
775	616	792
786	48	792
791	775	793
792	48	793
820	825	794
800	803	794
1374	1375	795
797	801	795
886	914	796
316	798	796
798	802	797
900	901	797
798	799	49
797	796	798
799	803	49
798	316	799
800	801	49
794	313	800
801	802	49
800	795	801
798	49	802
801	797	802
799	794	803
800	49	803
838	964	804
806	809	804
814	841	805
809	811	805
951	952	806
807	812	806
807	810	50
806	418	807
811	813	808
829	830	808
809	812	50
805	804	809
807	419	810
810	813	50
808	805	811
809	50	811
809	806	812
807	50	812
810	808	813
811	50	813
842	844	814
827	828	814
815	816	317
815	828	52
816	821	317
815	318	816
817	823	51
816	318	817
818	822	315
358	314	818
314	313	819
819	825	51
794	316	820
820	821	51
816	51	821
820	317	821
327	315	822
818	51	822
817	327	823
822	51	823
818	314	824
819	51	824
819	794	825
820	51	825
328	318	826
815	52	826
814	805	827
827	830	52
815	814	828
827	52	828
808	419	829
829	831	52
827	808	830
829	52	830
829	420	831
421	52	831
421	321	832
832	833	52
826	52	833
832	328	833
835	913	834
838	839	834
835	836	316
835	914	58
836	837	316
835	834	836
317	316	837
836	53	837
911	965	838
840	843	838
836	834	839
839	843	53
838	804	840
840	841	53
841	844	53
840	805	841
837	53	842
814	317	842
839	838	843
840	53	843
841	814	844
842	53	844
877	881	845
909	910	845
888	889	56
910	916	846
862	889	847
887	897	847
905	907	57
1375	1381	848
863	907	849
904	1308	849
851	1248	850
1253	1270	850
1246	1249	851
1323	1324	851
1306	1307	92
1324	1329	852
864	1307	853
1305	1315	853
855	1276	854
1197	1947	854
1278	1281	855
1936	1937	855
857	1320	856
1937	1943	856
865	1321	857
1085	1089	857
1072	1073	858
879	880	858
860	1096	859
880	883	859
1081	1097	860
890	891	860
866	1083	861
891	895	861
867	872	862
895	896	862
868	873	863
897	908	863
869	874	864
1308	1312	864
870	875	865
1315	1322	865
871	876	866
1089	1090	866
862	847	867
867	873	54
863	849	868
868	874	54
864	853	869
869	875	54
865	857	870
870	876	54
866	861	871
871	872	54
867	54	872
871	862	872
868	54	873
867	863	873
869	54	874
868	864	874
870	54	875
869	865	875
871	54	876
870	866	876
892	893	877
883	884	877
918	967	878
881	882	878
959	960	879
882	885	879
859	858	880
880	885	55
878	845	881
881	884	55
879	878	882
881	55	882
877	859	883
880	55	883
881	877	884
883	55	884
880	879	885
882	55	885
846	915	886
898	899	886
887	888	846
887	899	57
888	894	846
887	847	888
889	896	56
888	847	889
860	859	890
890	893	56
861	860	891
890	56	891
877	845	892
892	894	56
890	877	893
892	56	893
892	846	894
888	56	894
862	861	895
891	56	895
889	862	896
895	56	896
863	847	897
887	57	897
886	796	898
898	901	57
887	886	899
898	57	899
797	795	900
900	906	57
898	797	901
900	57	901
903	1379	902
1244	1247	902
848	1380	903
1309	1313	903
904	905	848
904	1313	92
905	906	848
904	849	905
900	848	906
905	57	906
905	849	907
907	908	57
897	57	908
907	863	908
966	970	909
912	913	58
846	845	910
910	917	58
911	970	62
838	834	911
912	917	909
911	834	912
835	58	913
912	834	913
914	915	58
835	796	914
915	916	58
914	886	915
910	58	916
915	846	916
912	58	917
910	909	917
946	968	918
956	957	918
931	948	919
957	958	919
921	961	920
1073	1079	920
932	962	921
1059	1060	921
923	1001	922
983	1699	922
1003	1006	923
1666	1667	923
1068	1070	69
1667	1674	924
933	1070	925
1067	1448	925
927	1469	926
1385	1387	926
1470	1472	927
1455	1456	927
934	1447	928
1456	1457	928
1458	1635	929
949	950	929
935	1463	930
950	954	930
936	941	931
954	955	931
937	942	932
958	963	932
938	943	933
1060	1071	933
939	944	934
1448	1452	934
940	945	935
1457	1464	935
931	919	936
936	942	59
932	921	937
937	943	59
933	925	938
938	944	59
934	928	939
939	945	59
935	930	940
940	941	59
936	59	941
940	931	941
937	59	942
936	932	942
938	59	943
937	933	943
939	59	944
938	934	944
940	59	945
939	935	945
947	953	946
964	969	946
947	948	60
946	918	947
948	955	60
947	919	948
929	418	949
949	952	60
930	929	950
949	60	950
806	804	951
951	953	60
949	806	952
951	60	952
951	946	953
947	60	953
931	930	954
950	60	954
948	931	955
954	60	955
918	878	956
956	960	61
919	918	957
956	61	957
932	919	958
957	61	958
879	858	959
959	961	61
956	879	960
959	61	960
959	920	961
961	962	61
962	963	61
961	921	962
958	61	963
962	932	963
946	804	964
964	965	62
911	62	965
964	838	965
909	845	966
966	967	62
967	968	62
966	878	967
968	969	62
967	918	968
964	62	969
968	946	969
911	909	970
966	62	970
1000	1005	971
1049	1052	68
1023	1024	66
1050	1055	972
985	1024	973
1022	1037	973
975	1954	974
1287	1828	974
1040	1957	975
1840	1844	975
986	1045	976
1839	1844	148
1827	1830	977
1845	1846	977
979	1837	978
1846	1849	978
987	1838	979
1760	1763	979
1747	1752	980
1735	1766	980
982	1757	981
1766	1769	981
988	1758	982
1686	1690	982
1701	1702	983
1030	1035	983
989	1684	984
1029	1035	66
990	995	985
1033	1034	985
991	996	986
1037	1046	986
992	997	987
1842	1843	987
993	998	988
1763	1764	988
994	999	989
1690	1691	989
985	973	990
990	996	63
986	976	991
991	997	63
987	979	992
992	998	63
988	982	993
993	999	63
989	984	994
994	995	63
990	63	995
994	985	995
991	63	996
990	986	996
992	63	997
991	987	997
993	63	998
992	988	998
994	63	999
993	989	999
1031	1036	1000
1001	1008	1000
1001	1006	64
1000	922	1001
1058	1077	1002
971	1004	1002
1004	1007	1003
1063	1064	1003
1004	1005	64
1003	1002	1004
1005	1008	64
1004	971	1005
1001	923	1006
1006	1007	64
1004	64	1007
1006	1003	1007
1005	1000	1008
1001	64	1008
1051	1093	1009
1012	1015	1009
1021	1054	1010
1015	1017	1010
1084	1941	1011
1013	1016	1011
1087	1092	1012
1016	1018	1012
1952	1953	1013
1014	1019	1013
1017	1020	1014
1041	1042	1014
1015	1018	65
1010	1009	1015
1016	1019	65
1012	1011	1016
1014	1010	1017
1015	65	1017
1015	1012	1018
1016	65	1018
1016	1013	1019
1019	1020	65
1017	65	1020
1019	1014	1020
1055	1057	1021
1038	1039	1021
1022	1023	972
1022	1039	67
1023	1032	972
1022	973	1023
1024	1034	66
1023	973	1024
1026	1679	1025
1475	1713	1025
1676	1680	1026
1695	1696	1026
1028	1689	1027
1696	1701	1027
1028	1684	131
1027	983	1028
1029	1033	984
1028	983	1029
983	922	1030
1030	1036	66
1000	971	1031
1031	1032	66
1023	66	1032
1031	972	1032
985	984	1033
1029	66	1033
1024	985	1034
1033	66	1034
1029	983	1035
1030	66	1035
1030	1000	1036
1031	66	1036
986	973	1037
1022	67	1037
1021	1010	1038
1038	1042	67
1022	1021	1039
1038	67	1039
1953	1958	1040
1043	1044	1040
1014	1013	1041
1041	1044	67
1038	1014	1042
1041	67	1042
1040	975	1043
1043	1045	67
1041	1040	1044
1043	67	1044
1043	976	1045
1045	1046	67
1037	67	1046
1045	986	1046
1048	1076	1047
1051	1052	1047
1048	1049	971
1048	1077	70
1049	1050	971
1048	1047	1049
972	971	1050
1049	68	1050
1074	1094	1051
1053	1056	1051
1049	1047	1052
1052	1056	68
1051	1009	1053
1053	1054	68
1054	1057	68
1053	1010	1054
1050	68	1055
1021	972	1055
1052	1051	1056
1053	68	1056
1054	1021	1057
1055	68	1057
920	1078	1058
1061	1062	1058
921	920	1059
1059	1062	69
933	921	1060
1059	69	1060
1058	1002	1061
1061	1064	69
1059	1058	1062
1061	69	1062
1003	923	1063
1063	1069	69
1061	1003	1064
1063	69	1064
1066	1672	1065
1436	1439	1065
924	1673	1066
1449	1453	1066
1067	1068	924
1067	1453	107
1068	1069	924
1067	925	1068
1063	924	1069
1068	69	1069
1068	925	1070
1070	1071	69
1060	69	1071
1070	933	1071
1095	1099	1072
1075	1076	70
920	858	1073
1073	1080	70
1074	1099	72
1051	1047	1074
1075	1080	1072
1074	1047	1075
1048	70	1076
1075	1047	1076
1077	1078	70
1048	1002	1077
1078	1079	70
1077	1058	1078
1073	70	1079
1078	920	1079
1075	70	1080
1073	1072	1080
1082	1088	1081
1093	1098	1081
1082	1083	71
1081	860	1082
1083	1090	71
1082	861	1083
1943	1944	1084
1086	1091	1084
857	856	1085
1085	1091	71
1084	1011	1086
1086	1092	71
1012	1009	1087
1087	1088	71
1082	71	1088
1087	1081	1088
866	857	1089
1085	71	1089
1083	866	1090
1089	71	1090
1085	1084	1091
1086	71	1091
1086	1012	1092
1087	71	1092
1081	1009	1093
1093	1094	72
1074	72	1094
1093	1051	1094
1072	858	1095
1095	1096	72
1096	1097	72
1095	859	1096
1097	1098	72
1096	860	1097
1093	72	1098
1097	1081	1098
1074	1072	1099
1095	72	1099
1101	1106	1100
1172	1187	1100
1104	1107	1101
1142	1143	1101
1105	1108	1102
1124	1336	1102
1106	1109	1103
1177	1178	1103
1127	1132	1104
1108	1110	1104
1102	626	1105
1105	1109	73
1103	1100	1106
1106	1107	73
1107	1110	73
1106	1101	1107
1105	73	1108
1104	1102	1108
1106	73	1109
1105	1103	1109
1107	1104	1110
1108	73	1110
1114	1117	1111
1136	1137	1111
1115	1118	1112
1146	1237	1112
1116	1119	1113
1220	1300	1113
1111	251	1114
1114	1118	74
1223	1228	1115
1119	1120	1115
1113	254	1116
1116	1117	74
1114	74	1117
1116	1111	1117
1118	1120	74
1114	1112	1118
1116	74	1119
1115	1113	1119
1118	1115	1120
1119	74	1120
1122	1128	1121
1143	1149	1121
1122	1123	75
1121	252	1122
1123	1130	75
1122	253	1123
1337	1339	1124
1126	1131	1124
250	249	1125
1125	1131	75
1124	1102	1126
1126	1132	75
1104	1101	1127
1127	1128	75
1122	75	1128
1127	1121	1128
262	250	1129
1125	75	1129
1123	262	1130
1129	75	1130
1125	1124	1131
1126	75	1131
1126	1104	1132
1127	75	1132
252	251	1133
1133	1137	76
253	252	1134
1133	76	1134
263	253	1135
1134	76	1135
1111	254	1136
1136	1138	76
1133	1111	1137
1136	76	1137
1136	255	1138
1138	1139	76
1139	1140	76
1138	256	1139
1135	76	1140
1139	263	1140
1187	1189	1141
1144	1145	1141
1101	1100	1142
1142	1145	77
1121	1101	1143
1142	77	1143
1238	1239	1144
1147	1148	77
1142	1141	1145
1145	1150	77
1146	1239	85
1112	251	1146
1147	1150	1144
1146	251	1147
1148	1151	77
1147	251	1148
1143	77	1149
252	1121	1149
1145	1144	1150
1147	77	1150
1148	252	1151
1149	77	1151
1165	1921	1152
1154	1157	1152
1162	1168	1153
1157	1159	1153
1908	1909	1154
1155	1160	1154
1158	1161	1155
1232	1233	1155
1156	1159	78
622	623	1156
1157	1160	78
1153	1152	1157
1155	622	1158
1156	78	1158
1156	1153	1159
1157	78	1159
1157	1154	1160
1160	1161	78
1158	78	1161
1160	1155	1161
1162	1163	79
1153	623	1162
1163	1164	79
1162	624	1163
1164	1170	79
1163	625	1164
1922	1924	1165
1167	1171	1165
621	620	1166
1166	1171	79
1165	1152	1167
1167	1168	79
1162	79	1168
1167	1153	1168
632	621	1169
1166	79	1169
1164	632	1170
1169	79	1170
1166	1165	1171
1167	79	1171
1188	1190	1172
1175	1176	1172
625	624	1173
1173	1176	80
633	625	1174
1173	80	1174
1172	1100	1175
1175	1178	80
1173	1172	1176
1175	80	1176
1103	626	1177
1177	1180	80
1175	1103	1178
1177	80	1178
1179	1180	627
648	628	1179
1177	627	1180
1179	80	1180
1179	628	1181
1181	1182	80
1174	80	1182
1181	633	1182
1240	1241	1183
1141	1186	1183
623	622	1184
1184	1186	81
624	623	1185
1184	81	1185
1184	1183	1186
1186	1189	81
1141	1100	1187
1187	1190	81
1172	624	1188
1185	81	1188
1186	1141	1189
1187	81	1189
1187	1172	1190
1188	81	1190
1217	1242	1191
1229	1230	1191
1202	1219	1192
1230	1231	1192
1194	1234	1193
1909	1913	1193
1203	1235	1194
1866	1869	1194
1196	1863	1195
1883	1887	1195
1204	1864	1196
1873	1874	1196
1288	1950	1197
1291	1295	1197
1205	1880	1198
1290	1295	90
1275	1280	1199
1296	1297	1199
1201	1285	1200
1297	1301	1200
1206	1286	1201
1221	1225	1201
1207	1212	1202
1225	1226	1202
1208	1213	1203
1231	1236	1203
1209	1214	1204
1869	1870	1204
1210	1215	1205
1874	1881	1205
1211	1216	1206
1293	1294	1206
1202	1192	1207
1207	1213	82
1203	1194	1208
1208	1214	82
1204	1196	1209
1209	1215	82
1205	1198	1210
1210	1216	82
1206	1201	1211
1211	1212	82
1207	82	1212
1211	1202	1212
1208	82	1213
1207	1203	1213
1209	82	1214
1208	1204	1214
1210	82	1215
1209	1205	1215
1211	82	1216
1210	1206	1216
1218	1224	1217
1237	1243	1217
1218	1219	83
1217	1191	1218
1219	1226	83
1218	1192	1219
1301	1303	1220
1222	1227	1220
1201	1200	1221
1221	1227	83
1220	1113	1222
1222	1228	83
1115	1112	1223
1223	1224	83
1218	83	1224
1223	1217	1224
1202	1201	1225
1221	83	1225
1219	1202	1226
1225	83	1226
1221	1220	1227
1222	83	1227
1222	1115	1228
1223	83	1228
1191	622	1229
1229	1233	84
1192	1191	1230
1229	84	1230
1203	1192	1231
1230	84	1231
1155	1154	1232
1232	1234	84
1229	1155	1233
1232	84	1233
1232	1193	1234
1234	1235	84
1235	1236	84
1234	1194	1235
1231	84	1236
1235	1203	1236
1217	1112	1237
1146	85	1237
1144	1141	1238
1238	1241	85
1146	1144	1239
1238	85	1239
1183	622	1240
1240	1242	85
1238	1183	1241
1240	85	1241
1240	1191	1242
1242	1243	85
1237	85	1243
1242	1217	1243
1245	1250	1244
1367	1368	1244
1248	1251	1245
1259	1260	1245
1310	1314	1246
1247	1252	1246
1247	1250	86
1246	902	1247
1245	850	1248
1248	1249	86
1249	1252	86
1248	851	1249
1247	1244	1250
1250	1251	86
1248	86	1251
1250	1245	1251
1249	1246	1252
1247	86	1252
255	1273	1253
1256	1257	1253
256	255	1254
1254	1257	87
264	256	1255
1254	87	1255
1253	850	1256
1256	1260	87
1254	1253	1257
1256	87	1257
1368	1372	1258
1261	1262	1258
1245	1244	1259
1259	1262	87
1256	1245	1260
1259	87	1260
1258	258	1261
1261	1263	87
1259	1258	1262
1261	87	1262
1261	259	1263
1263	1264	87
1255	87	1264
1263	264	1264
1326	1327	1265
1270	1271	1265
1267	1299	1266
1271	1272	1266
1267	1268	254
1267	1300	91
1268	1269	254
1267	1266	1268
255	254	1269
1268	88	1269
1265	850	1270
1270	1273	88
1266	1265	1271
1270	88	1271
1268	1266	1272
1271	88	1272
1270	1253	1273
1273	1274	88
1269	88	1274
1273	255	1274
1284	1292	1275
1276	1283	1275
1276	1281	89
1275	854	1276
1304	1328	1277
1199	1279	1277
1279	1282	1278
1318	1319	1278
1279	1280	89
1278	1277	1279
1280	1283	89
1279	1199	1280
1276	855	1281
1281	1282	89
1279	89	1282
1281	1278	1282
1280	1275	1283
1276	89	1283
1284	1285	90
1275	1199	1284
1285	1286	90
1284	1200	1285
1286	1294	90
1285	1201	1286
1831	1832	1287
1945	1946	1287
1289	1879	1288
1946	1951	1288
1289	1880	152
1288	1197	1289
1290	1293	1198
1289	1197	1290
1197	854	1291
1291	1292	90
1284	90	1292
1291	1275	1292
1206	1198	1293
1290	90	1293
1286	1206	1294
1293	90	1294
1290	1197	1295
1291	90	1295
1325	1326	1296
1298	1302	1296
1200	1199	1297
1297	1302	91
1296	1265	1298
1298	1299	91
1267	91	1299
1298	1266	1299
1300	1303	91
1267	1113	1300
1297	91	1301
1220	1200	1301
1298	91	1302
1297	1296	1302
1300	1220	1303
1301	91	1303
1329	1330	1304
1316	1317	1304
1305	1306	852
1305	1317	93
1306	1311	852
1305	853	1306
1307	1312	92
1306	853	1307
904	92	1308
864	849	1308
903	902	1309
1309	1314	92
1246	851	1310
1310	1311	92
1306	92	1311
1310	852	1311
1307	864	1312
1308	92	1312
904	903	1313
1309	92	1313
1309	1246	1314
1310	92	1314
865	853	1315
1305	93	1315
1304	1277	1316
1316	1319	93
1305	1304	1317
1316	93	1317
1278	855	1318
1318	1320	93
1316	1278	1319
1318	93	1319
1318	856	1320
1320	1321	93
1321	1322	93
1320	857	1321
1315	93	1322
1321	865	1322
851	850	1323
1323	1327	94
852	851	1324
1323	94	1324
1296	1199	1325
1325	1328	94
1265	1296	1326
1325	94	1326
1323	1265	1327
1326	94	1327
1325	1277	1328
1328	1330	94
1304	852	1329
1324	94	1329
1328	1304	1330
1329	94	1330
1340	1350	1331
1334	1335	1331
1343	1348	1332
1335	1338	1332
249	175	1333
1333	1338	95
1331	626	1334
1334	1336	95
1332	1331	1335
1334	95	1335
1334	1102	1336
1336	1339	95
1124	249	1337
1333	95	1337
1333	1332	1338
1335	95	1338
1336	1124	1339
1337	95	1339
1351	1353	1340
1342	1347	1340
217	216	1341
1341	1347	96
1340	1331	1342
1342	1348	96
1332	175	1343
1343	1344	96
1344	1345	96
1343	176	1344
1345	1346	96
1344	177	1345
1341	96	1346
1345	217	1346
1342	96	1347
1341	1340	1347
1343	96	1348
1342	1332	1348
627	626	1349
1349	1350	97
1350	1353	97
1349	1331	1350
1351	1354	97
1340	216	1351
647	627	1352
1349	97	1352
1350	1340	1353
1351	97	1353
1351	506	1354
1354	1355	97
1352	97	1355
1354	647	1355
1357	1369	1356
1376	1379	100
1370	1373	1357
1361	1362	1357
276	257	1358
1358	1362	98
355	276	1359
1358	98	1359
1377	1378	1360
1363	1364	1360
1357	1356	1361
1361	1364	98
1358	1357	1362
1361	98	1362
1360	313	1363
1363	1366	98
1361	1360	1364
1363	98	1364
314	355	1365
1359	98	1365
1363	314	1366
1365	98	1366
1244	902	1367
1367	1369	99
1258	1244	1368
1367	99	1368
1367	1356	1369
1369	1373	99
1357	257	1370
1370	1371	99
1371	1372	99
1370	258	1371
1368	99	1372
1371	1258	1372
1369	1357	1373
1370	99	1373
795	313	1374
1374	1378	100
848	795	1375
1374	100	1375
1376	1377	1356
1367	902	1376
1360	1356	1377
1376	100	1377
1374	1360	1378
1377	100	1378
1376	902	1379
1379	1380	100
1380	1381	100
1379	903	1380
1375	100	1381
1380	848	1381
1403	1408	1382
1388	1389	1382
1629	1630	1383
1384	1386	1383
1387	1390	1384
1459	1460	1384
1385	1389	101
926	440	1385
437	1383	1386
1386	1390	101
1384	926	1387
1385	101	1387
1382	437	1388
1386	101	1388
1385	1382	1389
1388	101	1389
1386	1384	1390
1387	101	1390
1412	1430	1391
1398	1399	1391
1396	1398	1392
1524	1525	1392
1585	1586	1393
1394	1401	1393
1399	1402	1394
1418	1419	1394
1504	1608	1395
1393	1397	1395
1507	1512	1396
1397	1400	1396
1397	1401	102
1396	1395	1397
1391	1392	1398
1398	1400	102
1394	1391	1399
1398	102	1399
1398	1396	1400
1397	102	1400
1397	1393	1401
1401	1402	102
1399	102	1402
1401	1394	1402
1403	1404	103
1382	440	1403
1404	1405	103
1403	441	1404
1405	1410	103
1404	442	1405
1406	1409	439
483	438	1406
438	437	1407
1407	1408	103
1403	103	1408
1407	1382	1408
452	439	1409
1406	103	1409
1405	452	1410
1409	103	1410
1406	438	1411
1407	103	1411
1431	1434	1412
1415	1416	1412
442	441	1413
1413	1416	104
453	442	1414
1413	104	1414
1412	1391	1415
1415	1419	104
1413	1412	1416
1415	104	1416
1586	1590	1417
1420	1421	1417
1394	1393	1418
1418	1421	104
1415	1394	1419
1418	104	1419
1417	444	1420
1420	1422	104
1418	1417	1421
1420	104	1421
1420	445	1422
1422	1423	104
1414	104	1423
1422	453	1423
1435	1440	1424
1473	1526	1424
1426	1467	1425
1526	1527	1425
1468	1471	1426
1429	1432	1426
441	440	1427
1427	1432	105
1527	1528	1428
1430	1433	1428
1426	1425	1429
1429	1433	105
1428	1391	1430
1430	1434	105
1412	441	1431
1427	105	1431
1427	1426	1432
1429	105	1432
1429	1428	1433
1430	105	1433
1430	1412	1434
1431	105	1434
1438	1441	1435
1465	1466	1435
1668	1711	1436
1437	1442	1436
1440	1443	1437
1518	1519	1437
1450	1454	1438
1439	1444	1438
1439	1442	106
1438	1065	1439
1437	1424	1440
1440	1441	106
1441	1444	106
1440	1435	1441
1439	1436	1442
1442	1443	106
1440	106	1443
1442	1437	1443
1441	1438	1444
1439	106	1444
1446	1451	1445
1466	1470	1445
1446	1447	107
1445	927	1446
1447	1452	107
1446	928	1447
1067	107	1448
934	925	1448
1066	1065	1449
1449	1454	107
1438	1435	1450
1450	1451	107
1446	107	1451
1450	1445	1451
1447	934	1452
1448	107	1452
1067	1066	1453
1449	107	1453
1449	1438	1454
1450	107	1454
927	926	1455
1455	1460	108
928	927	1456
1455	108	1456
935	928	1457
1456	108	1457
1630	1636	1458
1461	1462	1458
1384	1383	1459
1459	1462	108
1455	1384	1460
1459	108	1460
1458	929	1461
1461	1463	108
1459	1458	1462
1461	108	1462
1461	930	1463
1463	1464	108
1457	108	1464
1463	935	1464
1435	1424	1465
1465	1467	109
1445	1435	1466
1465	109	1466
1465	1425	1467
1467	1471	109
1426	440	1468
1468	1469	109
1469	1472	109
1468	926	1469
1466	109	1470
927	1445	1470
1467	1426	1471
1468	109	1471
1469	927	1472
1470	109	1472
1501	1529	1473
1515	1516	1473
1486	1503	1474
1513	1516	112
1517	1714	1475
1703	1704	1475
1487	1522	1476
1704	1705	1476
1677	1678	1477
1736	1737	1477
1479	1708	1478
1737	1741	1478
1488	1709	1479
1726	1727	1479
1481	1732	1480
1812	1816	1480
1489	1733	1481
1596	1600	1481
1543	1544	1482
1558	1572	1482
1541	1543	1483
1604	1605	1483
1593	1594	121
1605	1609	1484
1490	1594	1485
1505	1509	1485
1491	1496	1486
1509	1510	1486
1492	1497	1487
1514	1523	1487
1493	1498	1488
1705	1710	1488
1494	1499	1489
1727	1734	1489
1495	1500	1490
1600	1601	1490
1486	1474	1491
1491	1497	110
1487	1476	1492
1492	1498	110
1488	1479	1493
1493	1499	110
1489	1481	1494
1494	1500	110
1490	1485	1495
1495	1496	110
1491	110	1496
1495	1486	1496
1492	110	1497
1491	1487	1497
1493	110	1498
1492	1488	1498
1494	110	1499
1493	1489	1499
1495	110	1500
1494	1490	1500
1502	1508	1501
1525	1530	1501
1502	1503	111
1501	1473	1502
1503	1510	111
1502	1474	1503
1609	1611	1504
1506	1511	1504
1505	1593	1484
1505	1511	111
1504	1395	1506
1506	1512	111
1396	1392	1507
1507	1508	111
1502	111	1508
1507	1501	1508
1486	1485	1509
1505	111	1509
1503	1486	1510
1509	111	1510
1505	1504	1511
1506	111	1511
1506	1396	1512
1507	111	1512
1513	1514	1474
1502	1473	1513
1487	1474	1514
1513	112	1514
1473	1424	1515
1515	1519	112
1513	1473	1516
1515	112	1516
1711	1715	1517
1520	1521	1517
1437	1436	1518
1518	1521	112
1515	1437	1519
1518	112	1519
1517	1475	1520
1520	1522	112
1518	1517	1521
1520	112	1521
1520	1476	1522
1522	1523	112
1514	112	1523
1522	1487	1523
1392	1391	1524
1524	1528	113
1501	1392	1525
1524	113	1525
1425	1424	1526
1526	1529	113
1428	1425	1527
1526	113	1527
1524	1428	1528
1527	113	1528
1526	1473	1529
1529	1530	113
1525	113	1530
1529	1501	1530
1548	1554	1531
1532	1538	1531
1532	1536	114
1531	446	1532
1534	1537	1533
1580	1581	1533
1534	1535	114
1533	443	1534
1535	1538	114
1534	546	1535
1532	447	1536
1536	1537	114
1534	114	1537
1536	1533	1537
1535	1531	1538
1532	114	1538
1544	1547	1539
1563	1564	1539
1595	1815	1540
1542	1545	1540
1598	1603	1541
1545	1546	1541
1540	549	1542
1542	1547	115
1482	1483	1543
1543	1546	115
1539	1482	1544
1543	115	1544
1541	1540	1545
1542	115	1545
1543	1541	1546
1545	115	1546
1542	1539	1547
1544	115	1547
1548	1549	116
1531	546	1548
1549	1550	116
1548	547	1549
1550	1556	116
1549	548	1550
1662	1663	1551
1553	1557	1551
545	544	1552
1552	1557	116
1551	446	1553
1553	1554	116
1548	116	1554
1553	1531	1554
557	545	1555
1552	116	1555
1550	557	1556
1555	116	1556
1552	1551	1557
1553	116	1557
1575	1576	1558
1561	1562	1558
548	547	1559
1559	1562	117
558	548	1560
1559	117	1560
1558	1482	1561
1561	1564	117
1559	1558	1562
1561	117	1562
1539	549	1563
1563	1565	117
1561	1539	1564
1563	117	1564
1563	550	1565
1565	1566	117
1566	1567	117
1565	551	1566
1560	117	1567
1566	558	1567
1585	1606	1568
1572	1573	1568
1588	1592	1569
1573	1574	1569
546	443	1570
1570	1574	118
547	546	1571
1570	118	1571
1568	1482	1572
1572	1576	118
1569	1568	1573
1572	118	1573
1570	1569	1574
1573	118	1574
1558	547	1575
1571	118	1575
1572	1558	1576
1575	118	1576
444	443	1577
1577	1581	119
445	444	1578
1577	119	1578
454	445	1579
1578	119	1579
1533	447	1580
1580	1582	119
1577	1533	1581
1580	119	1581
1580	448	1582
1582	1583	119
1583	1584	119
1582	449	1583
1579	119	1584
1583	454	1584
1607	1610	1585
1587	1591	1585
1417	1393	1586
1586	1591	120
1585	1568	1587
1587	1592	120
1569	443	1588
1588	1589	120
1589	1590	120
1588	444	1589
1586	120	1590
1589	1417	1590
1587	120	1591
1586	1585	1591
1588	120	1592
1587	1569	1592
1593	1599	1484
1505	1485	1593
1594	1601	121
1593	1485	1594
1816	1818	1595
1597	1602	1595
1481	1480	1596
1596	1602	121
1595	1540	1597
1597	1603	121
1541	1483	1598
1598	1599	121
1593	121	1599
1598	1484	1599
1490	1481	1600
1596	121	1600
1594	1490	1601
1600	121	1601
1596	1595	1602
1597	121	1602
1597	1541	1603
1598	121	1603
1483	1482	1604
1604	1606	122
1484	1483	1605
1604	122	1605
1604	1568	1606
1606	1610	122
1585	1393	1607
1607	1608	122
1608	1611	122
1607	1395	1608
1605	122	1609
1504	1484	1609
1606	1585	1610
1607	122	1610
1608	1504	1611
1609	122	1611
1624	1625	1612
1617	1618	1612
406	319	1613
1613	1618	123
480	406	1614
1613	123	1614
1631	1632	1615
1616	1617	1615
1615	437	1616
1616	1619	123
1612	1615	1617
1616	123	1617
1613	1612	1618
1617	123	1618
1616	438	1619
1619	1620	123
1614	123	1620
1619	480	1620
1633	1634	1621
1625	1626	1621
419	418	1622
1622	1626	124
420	419	1623
1622	124	1623
1612	319	1624
1624	1627	124
1621	1612	1625
1624	124	1625
1622	1621	1626
1625	124	1626
1624	320	1627
1627	1628	124
1623	124	1628
1627	420	1628
1383	437	1629
1629	1632	125
1458	1383	1630
1629	125	1630
1615	1612	1631
1631	1634	125
1629	1615	1632
1631	125	1632
1621	418	1633
1633	1635	125
1631	1621	1634
1633	125	1634
1633	929	1635
1635	1636	125
1630	125	1636
1635	1458	1636
1651	1654	1637
1639	1644	1637
170	169	1638
1638	1644	126
1657	1658	1639
1641	1642	126
1640	1658	128
495	387	1640
1641	1645	1639
1640	387	1641
1642	1646	126
1641	387	1642
388	170	1643
1638	126	1643
1638	1637	1644
1644	1645	126
1641	126	1645
1644	1639	1645
1642	388	1646
1643	126	1646
1659	1661	128
1637	1650	1647
447	446	1648
1648	1650	127
448	447	1649
1648	127	1649
1648	1647	1650
1650	1654	127
1637	169	1651
1651	1652	127
1652	1655	127
1651	371	1652
1649	127	1653
468	448	1653
1650	1637	1654
1651	127	1654
1652	468	1655
1653	127	1655
544	495	1656
1640	128	1656
1639	1637	1657
1657	1660	128
1640	1639	1658
1657	128	1658
1659	1660	1647
1648	446	1659
1657	1647	1660
1659	128	1660
1659	446	1661
1661	1663	128
1551	544	1662
1656	128	1662
1661	1551	1663
1662	128	1663
1694	1712	1664
1669	1672	129
1699	1700	1665
1670	1671	1665
923	922	1666
1666	1671	129
924	923	1667
1666	129	1667
1668	1712	134
1436	1065	1668
1669	1670	1664
1668	1065	1669
1665	1664	1670
1669	129	1670
1666	1665	1671
1670	129	1671
1669	1065	1672
1672	1673	129
1673	1674	129
1672	1066	1673
1667	129	1674
1673	924	1674
1685	1771	1675
1678	1681	1675
1688	1693	1676
1681	1683	1676
1706	1707	1677
1679	1682	1677
1675	1477	1678
1678	1682	130
1677	1025	1679
1679	1680	130
1680	1683	130
1679	1026	1680
1678	130	1681
1676	1675	1681
1679	130	1682
1678	1677	1682
1680	1676	1683
1681	130	1683
1684	1691	131
1028	984	1684
1769	1772	1685
1687	1692	1685
982	981	1686
1686	1692	131
1685	1675	1687
1687	1693	131
1676	1026	1688
1688	1689	131
1028	131	1689
1688	1027	1689
989	982	1690
1686	131	1690
1684	989	1691
1690	131	1691
1686	1685	1692
1687	131	1692
1687	1676	1693
1688	131	1693
1713	1716	1694
1697	1698	1694
1026	1025	1695
1695	1698	132
1027	1026	1696
1695	132	1696
1694	1664	1697
1697	1700	132
1695	1694	1698
1697	132	1698
1665	922	1699
1699	1702	132
1697	1665	1700
1699	132	1700
983	1027	1701
1696	132	1701
1699	983	1702
1701	132	1702
1475	1025	1703
1703	1707	133
1476	1475	1704
1703	133	1704
1488	1476	1705
1704	133	1705
1677	1477	1706
1706	1708	133
1703	1677	1707
1706	133	1707
1706	1478	1708
1708	1709	133
1709	1710	133
1708	1479	1709
1705	133	1710
1709	1488	1710
1517	1436	1711
1668	134	1711
1668	1664	1712
1712	1716	134
1694	1025	1713
1713	1714	134
1714	1715	134
1713	1475	1714
1711	134	1715
1714	1517	1715
1712	1694	1716
1713	134	1716
1720	1723	1717
1730	1731	1717
1773	1778	1718
1722	1724	1718
707	706	1719
1719	1723	135
1717	710	1720
1720	1721	135
1721	1724	135
1720	711	1721
1719	135	1722
1718	707	1722
1720	135	1723
1719	1717	1723
1721	1718	1724
1722	135	1724
1741	1744	1725
1728	1729	1725
1479	1478	1726
1726	1729	136
1489	1479	1727
1726	136	1727
1725	710	1728
1728	1731	136
1726	1725	1729
1728	136	1729
1717	706	1730
1730	1732	136
1728	1717	1731
1730	136	1731
1730	1480	1732
1732	1733	136
1733	1734	136
1732	1481	1733
1727	136	1734
1733	1489	1734
1736	1767	1735
1796	1797	1735
1768	1770	1736
1739	1742	1736
1478	1477	1737
1737	1742	137
1797	1798	1738
1740	1743	1738
1736	1735	1739
1739	1743	137
1738	710	1740
1740	1744	137
1725	1478	1741
1737	137	1741
1737	1736	1742
1739	137	1742
1739	1738	1743
1740	137	1743
1740	1725	1744
1741	137	1744
1847	1899	1745
1749	1750	1745
1759	1852	1746
1750	1753	1746
1756	1762	1747
1753	1755	1747
1782	1799	1748
980	1751	1748
1788	1789	1749
1751	1754	1749
1746	1745	1750
1750	1754	138
1749	1748	1751
1751	1752	138
1752	1755	138
1751	980	1752
1750	138	1753
1747	1746	1753
1751	138	1754
1750	1749	1754
1752	1747	1755
1753	138	1755
1756	1757	139
1747	980	1756
1757	1758	139
1756	981	1757
1758	1764	139
1757	982	1758
1849	1853	1759
1761	1765	1759
979	978	1760
1760	1765	139
1759	1746	1761
1761	1762	139
1756	139	1762
1761	1747	1762
988	979	1763
1760	139	1763
1758	988	1764
1763	139	1764
1760	1759	1765
1761	139	1765
981	980	1766
1766	1767	140
1767	1770	140
1766	1735	1767
1768	1771	140
1736	1477	1768
1685	981	1769
1766	140	1769
1767	1736	1770
1768	140	1770
1768	1675	1771
1771	1772	140
1769	140	1772
1771	1685	1772
1773	1774	141
1718	711	1773
1774	1775	141
1773	712	1774
1775	1780	141
1774	713	1775
1776	1779	709
764	708	1776
708	707	1777
1777	1778	141
1773	141	1778
1777	1718	1778
724	709	1779
1776	141	1779
1775	724	1780
1779	141	1780
1776	708	1781
1777	141	1781
1800	1801	1782
1785	1786	1782
713	712	1783
1783	1786	142
725	713	1784
1783	142	1784
1782	1748	1785
1785	1789	142
1783	1782	1786
1785	142	1786
1899	1904	1787
1790	1791	1787
1749	1745	1788
1788	1791	142
1785	1749	1789
1788	142	1789
1787	716	1790
1790	1792	142
1788	1787	1791
1790	142	1791
1790	717	1792
1792	1793	142
1784	142	1793
1792	725	1793
711	710	1794
1794	1798	143
712	711	1795
1794	143	1795
1735	980	1796
1796	1799	143
1738	1735	1797
1796	143	1797
1794	1738	1798
1797	143	1798
1796	1748	1799
1799	1801	143
1782	712	1800
1795	143	1800
1799	1782	1801
1800	143	1801
1813	1814	1802
1804	1807	1802
550	549	1803
1803	1807	144
1820	1825	1804
1805	1808	1804
1805	1809	144
1804	671	1805
684	550	1806
1803	144	1806
1803	1802	1807
1807	1808	144
1805	144	1808
1807	1804	1808
1809	1810	144
1805	672	1809
1809	684	1810
1806	144	1810
1821	1826	1811
1814	1817	1811
1480	706	1812
1812	1817	145
1802	549	1813
1813	1815	145
1811	1802	1814
1813	145	1814
1813	1540	1815
1815	1818	145
1595	1480	1816
1812	145	1816
1812	1811	1817
1814	145	1817
1815	1595	1818
1816	145	1818
761	671	1819
1819	1825	146
1804	1802	1820
1820	1826	146
1811	706	1821
1821	1822	146
1822	1823	146
1821	707	1822
1823	1824	146
1822	708	1823
1819	146	1824
1823	761	1824
1820	146	1825
1819	1804	1825
1821	146	1826
1820	1811	1826
1836	1841	1827
1828	1834	1827
1828	1832	147
1827	974	1828
1872	1886	1829
1830	1833	1829
1830	1834	147
1829	977	1830
1877	1878	1831
1833	1835	1831
1828	1287	1832
1832	1835	147
1831	1829	1833
1830	147	1833
1830	1827	1834
1828	147	1834
1832	1831	1835
1833	147	1835
1836	1837	148
1827	977	1836
1837	1838	148
1836	978	1837
1838	1843	148
1837	979	1838
1839	1842	976
1043	975	1839
975	974	1840
1840	1841	148
1836	148	1841
1840	1827	1841
987	976	1842
1839	148	1842
1838	987	1843
1842	148	1843
1839	975	1844
1840	148	1844
1884	1885	1845
1847	1850	1845
978	977	1846
1846	1850	149
1900	1905	1847
1848	1851	1847
1848	1852	149
1847	1745	1848
1759	978	1849
1846	149	1849
1846	1845	1850
1850	1851	149
1848	149	1851
1850	1847	1851
1852	1853	149
1848	1746	1852
1852	1759	1853
1849	149	1853
1862	1868	1854
1855	1860	1854
1855	1858	150
1854	718	1855
1859	1861	1856
1893	1894	1856
1857	1860	150
715	714	1857
1855	719	1858
1858	1861	150
1856	715	1859
1857	150	1859
1857	1854	1860
1855	150	1860
1858	1856	1861
1859	150	1861
1862	1863	151
1854	714	1862
1863	1864	151
1862	1195	1863
1864	1870	151
1863	1196	1864
1913	1915	1865
1867	1871	1865
1194	1193	1866
1866	1871	151
1865	718	1867
1867	1868	151
1862	151	1868
1867	1854	1868
1204	1194	1869
1866	151	1869
1864	1204	1870
1869	151	1870
1866	1865	1871
1867	151	1871
1887	1889	1872
1875	1876	1872
1196	1195	1873
1873	1876	152
1205	1196	1874
1873	152	1874
1872	1829	1875
1875	1878	152
1873	1872	1876
1875	152	1876
1831	1287	1877
1877	1879	152
1875	1831	1878
1877	152	1878
1877	1288	1879
1289	152	1879
1289	1198	1880
1880	1881	152
1874	152	1881
1880	1205	1881
1901	1906	1882
1885	1888	1882
1195	714	1883
1883	1888	153
1845	977	1884
1884	1886	153
1882	1845	1885
1884	153	1885
1884	1829	1886
1886	1889	153
1872	1195	1887
1883	153	1887
1883	1882	1888
1885	153	1888
1886	1872	1889
1887	153	1889
716	715	1890
1890	1894	154
717	716	1891
1890	154	1891
726	717	1892
1891	154	1892
1856	719	1893
1893	1896	154
1890	1856	1894
1893	154	1894
1895	1896	720
750	721	1895
1893	720	1896
1895	154	1896
1895	721	1897
1897	1898	154
1892	154	1898
1897	726	1898
1787	1745	1899
1899	1905	155
1847	1845	1900
1900	1906	155
1882	714	1901
1901	1902	155
1902	1903	155
1901	715	1902
1903	1904	155
1902	716	1903
1899	155	1904
1903	1787	1904
1900	155	1905
1899	1847	1905
1901	155	1906
1900	1882	1906
1920	1921	157
1910	1911	1907
1154	1152	1908
1908	1911	156
1193	1154	1909
1908	156	1909
1927	1928	1910
1912	1914	1910
1908	1907	1911
1911	1914	156
1910	718	1912
1912	1915	156
1865	1193	1913
1909	156	1913
1911	1910	1914
1912	156	1914
1912	1865	1915
1913	156	1915
1929	1931	158
1907	1919	1916
619	618	1917
1917	1919	157
620	619	1918
1917	157	1918
1917	1916	1919
1919	1923	157
1920	1923	1907
1908	1152	1920
1921	1924	157
1920	1152	1921
1918	157	1922
1165	620	1922
1919	1907	1923
1920	157	1923
1921	1165	1924
1922	157	1924
719	718	1925
1925	1928	158
720	719	1926
1925	158	1926
1910	1907	1927
1927	1930	158
1925	1910	1928
1927	158	1928
1929	1930	1916
1917	618	1929
1927	1916	1930
1929	158	1930
1929	618	1931
1931	1933	158
749	720	1932
1926	158	1932
1931	749	1933
1932	158	1933
1948	1949	1934
1954	1955	1934
1947	1948	1935
1939	1940	1935
855	854	1936
1936	1940	159
856	855	1937
1936	159	1937
1955	1956	1938
1941	1942	1938
1935	1934	1939
1939	1942	159
1936	1935	1940
1939	159	1940
1938	1011	1941
1941	1944	159
1939	1938	1942
1941	159	1942
1084	856	1943
1937	159	1943
1941	1084	1944
1943	159	1944
1287	974	1945
1945	1949	160
1288	1287	1946
1945	160	1946
1935	854	1947
1947	1950	160
1934	1935	1948
1947	160	1948
1945	1934	1949
1948	160	1949
1947	1197	1950
1950	1951	160
1946	160	1951
1950	1288	1951
1013	1011	1952
1952	1956	161
1040	1013	1953
1952	161	1953
1934	974	1954
1954	1957	161
1938	1934	1955
1954	161	1955
1952	1938	1956
1955	161	1956
1954	975	1957
1957	1958	161
1953	161	1958
1957	1040	1958
