5120
0	3	4
1	5	3
2	4	5
3	5	4
6	9	8
1	8	10
7	10	9
8	9	10
11	12	13
2	14	12
7	13	14
12	14	13
1	10	5
2	5	14
7	14	10
5	10	14
15	19	18
16	18	20
17	20	19
18	19	20
6	22	23
16	24	22
21	23	24
22	24	23
25	27	26
17	26	28
21	28	27
26	27	28
16	20	24
17	28	20
21	24	28
20	28	24
29	32	33
30	34	32
31	33	34
32	34	33
11	37	36
30	36	38
35	38	37
36	37	38
25	39	40
31	41	39
35	40	41
39	41	40
30	38	34
31	34	41
35	41	38
34	38	41
6	23	9
7	9	42
21	42	23
9	23	42
11	13	37
7	43	13
35	37	43
13	43	37
25	40	27
21	27	44
35	44	40
27	40	44
7	42	43
21	44	42
35	43	44
42	44	43
45	49	48
46	48	50
47	50	49
48	49	50
51	53	54
46	55	53
52	54	55
53	55	54
56	58	57
47	57	59
52	59	58
57	58	59
46	50	55
47	59	50
52	55	59
50	59	55
15	62	63
60	64	62
61	63	64
62	64	63
51	67	66
60	66	68
65	68	67
66	67	68
69	70	71
61	72	70
65	71	72
70	72	71
60	68	64
61	64	72
65	72	68
64	68	72
73	77	76
74	76	78
75	78	77
76	77	78
56	80	81
74	82	80
79	81	82
80	82	81
69	84	83
75	83	85
79	85	84
83	84	85
74	78	82
75	85	78
79	82	85
78	85	82
51	54	67
52	86	54
65	67	86
54	86	67
56	81	58
52	58	87
79	87	81
58	81	87
69	71	84
65	88	71
79	84	88
71	88	84
52	87	86
65	86	88
79	88	87
86	87	88
89	92	93
90	94	92
91	93	94
92	94	93
95	98	97
90	97	99
96	99	98
97	98	99
100	101	102
91	103	101
96	102	103
101	103	102
90	99	94
91	94	103
96	103	99
94	99	103
29	107	106
104	106	108
105	108	107
106	107	108
95	110	111
104	112	110
109	111	112
110	112	111
113	115	114
105	114	116
109	116	115
114	115	116
104	108	112
105	116	108
109	112	116
108	116	112
73	119	120
117	121	119
118	120	121
119	121	120
100	124	123
117	123	125
122	125	124
123	124	125
113	126	127
118	128	126
122	127	128
126	128	127
117	125	121
118	121	128
122	128	125
121	125	128
95	111	98
96	98	129
109	129	111
98	111	129
100	102	124
96	130	102
122	124	130
102	130	124
113	127	115
109	115	131
122	131	127
115	127	131
96	129	130
109	131	129
122	130	131
129	131	130
15	63	19
17	19	132
61	132	63
19	63	132
25	26	134
17	135	26
133	134	135
26	135	134
69	136	70
61	70	137
133	137	136
70	136	137
17	132	135
61	137	132
133	135	137
132	137	135
29	33	107
31	138	33
105	107	138
33	138	107
25	140	39
31	39	141
139	141	140
39	140	141
113	114	142
105	143	114
139	142	143
114	143	142
31	141	138
105	138	143
139	143	141
138	141	143
73	120	77
75	77	144
118	144	120
77	120	144
69	83	146
75	147	83
145	146	147
83	147	146
113	148	126
118	126	149
145	149	148
126	148	149
75	144	147
118	149	144
145	147	149
144	149	147
25	134	140
133	150	134
139	140	150
134	150	140
69	146	136
133	136	151
145	151	146
136	146	151
113	142	148
139	152	142
145	148	152
142	152	148
133	151	150
139	150	152
145	152	151
150	151	152
0	4	154
2	155	4
153	154	155
4	155	154
11	157	12
2	12	158
156	158	157
12	157	158
159	160	161
153	162	160
156	161	162
160	162	161
2	158	155
153	155	162
156	162	158
155	158	162
29	164	32
30	32	165
163	165	164
32	164	165
11	36	167
30	168	36
166	167	168
36	168	167
169	171	170
163	170	172
166	172	171
170	171	172
30	165	168
163	172	165
166	168	172
165	172	168
173	176	177
174	178	176
175	177	178
176	178	177
159	181	180
174	180	182
179	182	181
180	181	182
169	183	184
175	185	183
179	184	185
183	185	184
174	182	178
175	178	185
179	185	182
178	182	185
11	167	157
156	157	186
166	186	167
157	167	186
159	161	181
156	187	161
179	181	187
161	187	181
169	184	171
166	171	188
179	188	184
171	184	188
156	186	187
166	188	186
179	187	188
186	188	187
89	190	92
90	92	191
189	191	190
92	190	191
95	97	193
90	194	97
192	193	194
97	194	193
195	197	196
189	196	198
192	198	197
196	197	198
90	191	194
189	198	191
192	194	198
191	198	194
29	106	200
104	201	106
199	200	201
106	201	200
95	203	110
104	110	204
202	204	203
110	203	204
205	206	207
199	208	206
202	207	208
206	208	207
104	204	201
199	201	208
202	208	204
201	204	208
209	213	212
210	212	214
211	214	213
212	213	214
195	216	217
210	218	216
215	217	218
216	218	217
205	220	219
211	219	221
215	221	220
219	220	221
210	214	218
211	221	214
215	218	221
214	221	218
95	193	203
192	222	193
202	203	222
193	222	203
195	217	197
192	197	223
215	223	217
197	217	223
205	207	220
202	224	207
215	220	224
207	224	220
192	223	222
202	222	224
215	224	223
222	223	224
225	228	229
226	230	228
227	229	230
228	230	229
231	234	233
226	233	235
232	235	234
233	234	235
236	237	238
227	239	237
232	238	239
237	239	238
226	235	230
227	230	239
232	239	235
230	235	239
173	243	242
240	242	244
241	244	243
242	243	244
231	246	247
240	248	246
245	247	248
246	248	247
249	251	250
241	250	252
245	252	251
250	251	252
240	244	248
241	252	244
245	248	252
244	252	248
209	255	256
253	257	255
254	256	257
255	257	256
236	260	259
253	259	261
258	261	260
259	260	261
249	262	263
254	264	262
258	263	264
262	264	263
253	261	257
254	257	264
258	264	261
257	261	264
231	247	234
232	234	265
245	265	247
234	247	265
236	238	260
232	266	238
258	260	266
238	266	260
249	263	251
245	251	267
258	267	263
251	263	267
232	265	266
245	267	265
258	266	267
265	267	266
29	200	164
163	164	268
199	268	200
164	200	268
169	170	270
163	271	170
269	270	271
170	271	270
205	272	206
199	206	273
269	273	272
206	272	273
163	268	271
199	273	268
269	271	273
268	273	271
173	177	243
175	274	177
241	243	274
177	274	243
169	276	183
175	183	277
275	277	276
183	276	277
249	250	278
241	279	250
275	278	279
250	279	278
175	277	274
241	274	279
275	279	277
274	277	279
209	256	213
211	213	280
254	280	256
213	256	280
205	219	282
211	283	219
281	282	283
219	283	282
249	284	262
254	262	285
281	285	284
262	284	285
211	280	283
254	285	280
281	283	285
280	285	283
169	270	276
269	286	270
275	276	286
270	286	276
205	282	272
269	272	287
281	287	282
272	282	287
249	278	284
275	288	278
281	284	288
278	288	284
269	287	286
275	286	288
281	288	287
286	287	288
0	154	290
153	291	154
289	290	291
154	291	290
159	293	160
153	160	294
292	294	293
160	293	294
295	296	297
289	298	296
292	297	298
296	298	297
153	294	291
289	291	298
292	298	294
291	294	298
173	300	176
174	176	301
299	301	300
176	300	301
159	180	303
174	304	180
302	303	304
180	304	303
305	307	306
299	306	308
302	308	307
306	307	308
174	301	304
299	308	301
302	304	308
301	308	304
309	312	313
310	314	312
311	313	314
312	314	313
295	317	316
310	316	318
315	318	317
316	317	318
305	319	320
311	321	319
315	320	321
319	321	320
310	318	314
311	314	321
315	321	318
314	318	321
159	303	293
292	293	322
302	322	303
293	303	322
295	297	317
292	323	297
315	317	323
297	323	317
305	320	307
302	307	324
315	324	320
307	320	324
292	322	323
302	324	322
315	323	324
322	324	323
225	326	228
226	228	327
325	327	326
228	326	327
231	233	329
226	330	233
328	329	330
233	330	329
331	333	332
325	332	334
328	334	333
332	333	334
226	327	330
325	334	327
328	330	334
327	334	330
173	242	336
240	337	242
335	336	337
242	337	336
231	339	246
240	246	340
338	340	339
246	339	340
341	342	343
335	344	342
338	343	344
342	344	343
240	340	337
335	337	344
338	344	340
337	340	344
345	349	348
346	348	350
347	350	349
348	349	350
331	352	353
346	354	352
351	353	354
352	354	353
341	356	355
347	355	357
351	357	356
355	356	357
346	350	354
347	357	350
351	354	357
350	357	354
231	329	339
328	358	329
338	339	358
329	358	339
331	353	333
328	333	359
351	359	353
333	353	359
341	343	356
338	360	343
351	356	360
343	360	356
328	359	358
338	358	360
351	360	359
358	359	360
361	364	365
362	366	364
363	365	366
364	366	365
367	370	369
362	369	371
368	371	370
369	370	371
372	373	374
363	375	373
368	374	375
373	375	374
362	371	366
363	366	375
368	375	371
366	371	375
309	379	378
376	378	380
377	380	379
378	379	380
367	382	383
376	384	382
381	383	384
382	384	383
385	387	386
377	386	388
381	388	387
386	387	388
376	380	384
377	388	380
381	384	388
380	388	384
345	391	392
389	393	391
390	392	393
391	393	392
372	396	395
389	395	397
394	397	396
395	396	397
385	398	399
390	400	398
394	399	400
398	400	399
389	397	393
390	393	400
394	400	397
393	397	400
367	383	370
368	370	401
381	401	383
370	383	401
372	374	396
368	402	374
394	396	402
374	402	396
385	399	387
381	387	403
394	403	399
387	399	403
368	401	402
381	403	401
394	402	403
401	403	402
173	336	300
299	300	404
335	404	336
300	336	404
305	306	406
299	407	306
405	406	407
306	407	406
341	408	342
335	342	409
405	409	408
342	408	409
299	404	407
335	409	404
405	407	409
404	409	407
309	313	379
311	410	313
377	379	410
313	410	379
305	412	319
311	319	413
411	413	412
319	412	413
385	386	414
377	415	386
411	414	415
386	415	414
311	413	410
377	410	415
411	415	413
410	413	415
345	392	349
347	349	416
390	416	392
349	392	416
341	355	418
347	419	355
417	418	419
355	419	418
385	420	398
390	398	421
417	421	420
398	420	421
347	416	419
390	421	416
417	419	421
416	421	419
305	406	412
405	422	406
411	412	422
406	422	412
341	418	408
405	408	423
417	423	418
408	418	423
385	414	420
411	424	414
417	420	424
414	424	420
405	423	422
411	422	424
417	424	423
422	423	424
0	290	426
289	427	290
425	426	427
290	427	426
295	429	296
289	296	430
428	430	429
296	429	430
431	432	433
425	434	432
428	433	434
432	434	433
289	430	427
425	427	434
428	434	430
427	430	434
309	436	312
310	312	437
435	437	436
312	436	437
295	316	439
310	440	316
438	439	440
316	440	439
441	443	442
435	442	444
438	444	443
442	443	444
310	437	440
435	444	437
438	440	444
437	444	440
445	448	449
446	450	448
447	449	450
448	450	449
431	453	452
446	452	454
451	454	453
452	453	454
441	455	456
447	457	455
451	456	457
455	457	456
446	454	450
447	450	457
451	457	454
450	454	457
295	439	429
428	429	458
438	458	439
429	439	458
431	433	453
428	459	433
451	453	459
433	459	453
441	456	443
438	443	460
451	460	456
443	456	460
428	458	459
438	460	458
451	459	460
458	460	459
361	462	364
362	364	463
461	463	462
364	462	463
367	369	465
362	466	369
464	465	466
369	466	465
467	469	468
461	468	470
464	470	469
468	469	470
362	463	466
461	470	463
464	466	470
463	470	466
309	378	472
376	473	378
471	472	473
378	473	472
367	475	382
376	382	476
474	476	475
382	475	476
477	478	479
471	480	478
474	479	480
478	480	479
376	476	473
471	473	480
474	480	476
473	476	480
481	485	484
482	484	486
483	486	485
484	485	486
467	488	489
482	490	488
487	489	490
488	490	489
477	492	491
483	491	493
487	493	492
491	492	493
482	486	490
483	493	486
487	490	493
486	493	490
367	465	475
464	494	465
474	475	494
465	494	475
467	489	469
464	469	495
487	495	489
469	489	495
477	479	492
474	496	479
487	492	496
479	496	492
464	495	494
474	494	496
487	496	495
494	495	496
497	500	501
498	502	500
499	501	502
500	502	501
503	506	505
498	505	507
504	507	506
505	506	507
508	509	510
499	511	509
504	510	511
509	511	510
498	507	502
499	502	511
504	511	507
502	507	511
445	515	514
512	514	516
513	516	515
514	515	516
503	518	519
512	520	518
517	519	520
518	520	519
521	523	522
513	522	524
517	524	523
522	523	524
512	516	520
513	524	516
517	520	524
516	524	520
481	527	528
525	529	527
526	528	529
527	529	528
508	532	531
525	531	533
530	533	532
531	532	533
521	534	535
526	536	534
530	535	536
534	536	535
525	533	529
526	529	536
530	536	533
529	533	536
503	519	506
504	506	537
517	537	519
506	519	537
508	510	532
504	538	510
530	532	538
510	538	532
521	535	523
517	523	539
530	539	535
523	535	539
504	537	538
517	539	537
530	538	539
537	539	538
309	472	436
435	436	540
471	540	472
436	472	540
441	442	542
435	543	442
541	542	543
442	543	542
477	544	478
471	478	545
541	545	544
478	544	545
435	540	543
471	545	540
541	543	545
540	545	543
445	449	515
447	546	449
513	515	546
449	546	515
441	548	455
447	455	549
547	549	548
455	548	549
521	522	550
513	551	522
547	550	551
522	551	550
447	549	546
513	546	551
547	551	549
546	549	551
481	528	485
483	485	552
526	552	528
485	528	552
477	491	554
483	555	491
553	554	555
491	555	554
521	556	534
526	534	557
553	557	556
534	556	557
483	552	555
526	557	552
553	555	557
552	557	555
441	542	548
541	558	542
547	548	558
542	558	548
477	554	544
541	544	559
553	559	554
544	554	559
521	550	556
547	560	550
553	556	560
550	560	556
541	559	558
547	558	560
553	560	559
558	559	560
0	426	3
1	3	561
425	561	426
3	426	561
6	8	563
1	564	8
562	563	564
8	564	563
431	565	432
425	432	566
562	566	565
432	565	566
1	561	564
425	566	561
562	564	566
561	566	564
15	18	568
16	569	18
567	568	569
18	569	568
6	571	22
16	22	572
570	572	571
22	571	572
573	574	575
567	576	574
570	575	576
574	576	575
16	572	569
567	569	576
570	576	572
569	572	576
445	578	448
446	448	579
577	579	578
448	578	579
431	452	581
446	582	452
580	581	582
452	582	581
573	584	583
577	583	585
580	585	584
583	584	585
446	579	582
577	585	579
580	582	585
579	585	582
6	563	571
562	586	563
570	571	586
563	586	571
431	581	565
562	565	587
580	587	581
565	581	587
573	575	584
570	588	575
580	584	588
575	588	584
562	587	586
570	586	588
580	588	587
586	587	588
45	48	590
46	591	48
589	590	591
48	591	590
51	593	53
46	53	594
592	594	593
53	593	594
595	596	597
589	598	596
592	597	598
596	598	597
46	594	591
589	591	598
592	598	594
591	594	598
15	600	62
60	62	601
599	601	600
62	600	601
51	66	603
60	604	66
602	603	604
66	604	603
605	607	606
599	606	608
602	608	607
606	607	608
60	601	604
599	608	601
602	604	608
601	608	604
609	612	613
610	614	612
611	613	614
612	614	613
595	617	616
610	616	618
615	618	617
616	617	618
605	619	620
611	621	619
615	620	621
619	621	620
610	618	614
611	614	621
615	621	618
614	618	621
51	603	593
592	593	622
602	622	603
593	603	622
595	597	617
592	623	597
615	617	623
597	623	617
605	620	607
602	607	624
615	624	620
607	620	624
592	622	623
602	624	622
615	623	624
622	624	623
497	626	500
498	500	627
625	627	626
500	626	627
503	505	629
498	630	505
628	629	630
505	630	629
631	633	632
625	632	634
628	634	633
632	633	634
498	627	630
625	634	627
628	630	634
627	634	630
445	514	636
512	637	514
635	636	637
514	637	636
503	639	518
512	518	640
638	640	639
518	639	640
641	642	643
635	644	642
638	643	644
642	644	643
512	640	637
635	637	644
638	644	640
637	640	644
609	648	647
645	647	649
646	649	648
647	648	649
631	651	652
645	653	651
650	652	653
651	653	652
641	655	654
646	654	656
650	656	655
654	655	656
645	649	653
646	656	649
650	653	656
649	656	653
503	629	639
628	657	629
638	639	657
629	657	639
631	652	633
628	633	658
650	658	652
633	652	658
641	643	655
638	659	643
650	655	659
643	659	655
628	658	657
638	657	659
650	659	658
657	658	659
15	568	600
567	660	568
599	600	660
568	660	600
573	662	574
567	574	663
661	663	662
574	662	663
605	606	664
599	665	606
661	664	665
606	665	664
567	663	660
599	660	665
661	665	663
660	663	665
445	636	578
577	578	666
635	666	636
578	636	666
573	583	668
577	669	583
667	668	669
583	669	668
641	670	642
635	642	671
667	671	670
642	670	671
577	666	669
635	671	666
667	669	671
666	671	669
609	613	648
611	672	613
646	648	672
613	672	648
605	674	619
611	619	675
673	675	674
619	674	675
641	654	676
646	677	654
673	676	677
654	677	676
611	675	672
646	672	677
673	677	675
672	675	677
573	668	662
661	662	678
667	678	668
662	668	678
605	664	674
661	679	664
673	674	679
664	679	674
641	676	670
667	670	680
673	680	676
670	676	680
661	678	679
667	680	678
673	679	680
678	680	679
681	685	684
682	684	686
683	686	685
684	685	686
687	689	690
682	691	689
688	690	691
689	691	690
692	694	693
683	693	695
688	695	694
693	694	695
682	686	691
683	695	686
688	691	695
686	695	691
696	699	700
697	701	699
698	700	701
699	701	700
687	704	703
697	703	705
702	705	704
703	704	705
706	707	708
698	709	707
702	708	709
707	709	708
697	705	701
698	701	709
702	709	705
701	705	709
710	714	713
711	713	715
712	715	714
713	714	715
692	717	718
711	719	717
716	718	719
717	719	718
706	721	720
712	720	722
716	722	721
720	721	722
711	715	719
712	722	715
716	719	722
715	722	719
687	690	704
688	723	690
702	704	723
690	723	704
692	718	694
688	694	724
716	724	718
694	718	724
706	708	721
702	725	708
716	721	725
708	725	721
688	724	723
702	723	725
716	725	724
723	724	725
726	729	730
727	731	729
728	730	731
729	731	730
732	735	734
727	734	736
733	736	735
734	735	736
737	738	739
728	740	738
733	739	740
738	740	739
727	736	731
728	731	740
733	740	736
731	736	740
696	744	743
741	743	745
742	745	744
743	744	745
732	747	748
741	749	747
746	748	749
747	749	748
750	752	751
742	751	753
746	753	752
751	752	753
741	745	749
742	753	745
746	749	753
745	753	749
754	757	758
755	759	757
756	758	759
757	759	758
737	762	761
755	761	763
760	763	762
761	762	763
750	764	765
756	766	764
760	765	766
764	766	765
755	763	759
756	759	766
760	766	763
759	763	766
732	748	735
733	735	767
746	767	748
735	748	767
737	739	762
733	768	739
760	762	768
739	768	762
750	765	752
746	752	769
760	769	765
752	765	769
733	767	768
746	769	767
760	768	769
767	769	768
770	774	773
771	773	775
772	775	774
773	774	775
776	778	779
771	780	778
777	779	780
778	780	779
781	783	782
772	782	784
777	784	783
782	783	784
771	775	780
772	784	775
777	780	784
775	784	780
710	787	788
785	789	787
786	788	789
787	789	788
776	792	791
785	791	793
790	793	792
791	792	793
794	795	796
786	797	795
790	796	797
795	797	796
785	793	789
786	789	797
790	797	793
789	793	797
754	801	800
798	800	802
799	802	801
800	801	802
781	804	805
798	806	804
803	805	806
804	806	805
794	808	807
799	807	809
803	809	808
807	808	809
798	802	806
799	809	802
803	806	809
802	809	806
776	779	792
777	810	779
790	792	810
779	810	792
781	805	783
777	783	811
803	811	805
783	805	811
794	796	808
790	812	796
803	808	812
796	812	808
777	811	810
790	810	812
803	812	811
810	811	812
696	700	744
698	813	700
742	744	813
700	813	744
706	815	707
698	707	816
814	816	815
707	815	816
750	751	817
742	818	751
814	817	818
751	818	817
698	816	813
742	813	818
814	818	816
813	816	818
710	788	714
712	714	819
786	819	788
714	788	819
706	720	821
712	822	720
820	821	822
720	822	821
794	823	795
786	795	824
820	824	823
795	823	824
712	819	822
786	824	819
820	822	824
819	824	822
754	758	801
756	825	758
799	801	825
758	825	801
750	827	764
756	764	828
826	828	827
764	827	828
794	807	829
799	830	807
826	829	830
807	830	829
756	828	825
799	825	830
826	830	828
825	828	830
706	821	815
814	815	831
820	831	821
815	821	831
750	817	827
814	832	817
826	827	832
817	832	827
794	829	823
820	823	833
826	833	829
823	829	833
814	831	832
820	833	831
826	832	833
831	833	832
726	730	835
834	835	836
728	836	730
835	730	836
837	839	840
834	841	839
838	840	841
839	841	840
737	842	738
728	738	843
838	843	842
738	842	843
834	836	841
728	843	836
838	841	843
836	843	841
844	847	848
845	849	847
846	848	849
847	849	848
837	852	851
845	851	853
850	853	852
851	852	853
854	855	856
846	857	855
850	856	857
855	857	856
845	853	849
846	849	857
850	857	853
849	853	857
754	859	757
755	757	860
858	860	859
757	859	860
737	761	862
755	863	761
861	862	863
761	863	862
854	865	864
858	864	866
861	866	865
864	865	866
755	860	863
858	866	860
861	863	866
860	866	863
837	840	852
838	867	840
850	852	867
840	867	852
737	862	842
838	842	868
861	868	862
842	862	868
854	856	865
850	869	856
861	865	869
856	869	865
838	868	867
850	867	869
861	869	868
867	868	869
870	873	874
871	875	873
872	874	875
873	875	874
876	879	878
871	878	880
877	880	879
878	879	880
881	882	883
872	884	882
877	883	884
882	884	883
871	880	875
872	875	884
877	884	880
875	880	884
844	888	887
885	887	889
886	889	888
887	888	889
876	891	892
885	893	891
890	892	893
891	893	892
894	896	895
886	895	897
890	897	896
895	896	897
885	889	893
886	897	889
890	893	897
889	897	893
898	901	902
899	903	901
900	902	903
901	903	902
881	906	905
899	905	907
904	907	906
905	906	907
894	908	909
900	910	908
904	909	910
908	910	909
899	907	903
900	903	910
904	910	907
903	907	910
876	892	879
877	879	911
890	911	892
879	892	911
881	883	906
877	912	883
904	906	912
883	912	906
894	909	896
890	896	913
904	913	909
896	909	913
877	911	912
890	913	911
904	912	913
911	913	912
770	915	774
772	774	916
914	916	915
774	915	916
781	782	918
772	919	782
917	918	919
782	919	918
920	922	921
914	921	923
917	923	922
921	922	923
772	916	919
914	923	916
917	919	923
916	923	919
754	800	925
798	926	800
924	925	926
800	926	925
781	928	804
798	804	929
927	929	928
804	928	929
930	931	932
924	933	931
927	932	933
931	933	932
798	929	926
924	926	933
927	933	929
926	929	933
898	937	936
934	936	938
935	938	937
936	937	938
920	940	941
934	942	940
939	941	942
940	942	941
930	944	943
935	943	945
939	945	944
943	944	945
934	938	942
935	945	938
939	942	945
938	945	942
781	918	928
917	946	918
927	928	946
918	946	928
920	941	922
917	922	947
939	947	941
922	941	947
930	932	944
927	948	932
939	944	948
932	948	944
917	947	946
927	946	948
939	948	947
946	947	948
844	848	888
846	949	848
886	888	949
848	949	888
854	951	855
846	855	952
950	952	951
855	951	952
894	895	953
886	954	895
950	953	954
895	954	953
846	952	949
886	949	954
950	954	952
949	952	954
754	925	859
858	859	955
924	955	925
859	925	955
854	864	957
858	958	864
956	957	958
864	958	957
930	959	931
924	931	960
956	960	959
931	959	960
858	955	958
924	960	955
956	958	960
955	960	958
898	902	937
900	961	902
935	937	961
902	961	937
894	963	908
900	908	964
962	964	963
908	963	964
930	943	965
935	966	943
962	965	966
943	966	965
900	964	961
935	961	966
962	966	964
961	964	966
854	957	951
950	951	967
956	967	957
951	957	967
894	953	963
950	968	953
962	963	968
953	968	963
930	965	959
956	959	969
962	969	965
959	965	969
950	967	968
956	969	967
962	968	969
967	969	968
870	874	971
970	971	972
872	972	874
971	874	972
973	975	976
970	977	975
974	976	977
975	977	976
881	978	882
872	882	979
974	979	978
882	978	979
970	972	977
872	979	972
974	977	979
972	979	977
980	983	984
981	985	983
982	984	985
983	985	984
973	988	987
981	987	989
986	989	988
987	988	989
990	991	992
982	993	991
986	992	993
991	993	992
981	989	985
982	985	993
986	993	989
985	989	993
898	995	901
899	901	996
994	996	995
901	995	996
881	905	998
899	999	905
997	998	999
905	999	998
990	1001	1000
994	1000	1002
997	1002	1001
1000	1001	1002
899	996	999
994	1002	996
997	999	1002
996	1002	999
973	976	988
974	1003	976
986	988	1003
976	1003	988
881	998	978
974	978	1004
997	1004	998
978	998	1004
990	992	1001
986	1005	992
997	1001	1005
992	1005	1001
974	1004	1003
986	1003	1005
997	1005	1004
1003	1004	1005
1006	1009	1010
1007	1011	1009
1008	1010	1011
1009	1011	1010
1012	1015	1014
1007	1014	1016
1013	1016	1015
1014	1015	1016
1017	1018	1019
1008	1020	1018
1013	1019	1020
1018	1020	1019
1007	1016	1011
1008	1011	1020
1013	1020	1016
1011	1016	1020
980	1024	1023
1021	1023	1025
1022	1025	1024
1023	1024	1025
1012	1027	1028
1021	1029	1027
1026	1028	1029
1027	1029	1028
1030	1032	1031
1022	1031	1033
1026	1033	1032
1031	1032	1033
1021	1025	1029
1022	1033	1025
1026	1029	1033
1025	1033	1029
1034	1037	1038
1035	1039	1037
1036	1038	1039
1037	1039	1038
1017	1042	1041
1035	1041	1043
1040	1043	1042
1041	1042	1043
1030	1044	1045
1036	1046	1044
1040	1045	1046
1044	1046	1045
1035	1043	1039
1036	1039	1046
1040	1046	1043
1039	1043	1046
1012	1028	1015
1013	1015	1047
1026	1047	1028
1015	1028	1047
1017	1019	1042
1013	1048	1019
1040	1042	1048
1019	1048	1042
1030	1045	1032
1026	1032	1049
1040	1049	1045
1032	1045	1049
1013	1047	1048
1026	1049	1047
1040	1048	1049
1047	1049	1048
770	1051	915
914	915	1052
1050	1052	1051
915	1051	1052
920	921	1054
914	1055	921
1053	1054	1055
921	1055	1054
1056	1058	1057
1050	1057	1059
1053	1059	1058
1057	1058	1059
914	1052	1055
1050	1059	1052
1053	1055	1059
1052	1059	1055
898	936	1061
934	1062	936
1060	1061	1062
936	1062	1061
920	1064	940
934	940	1065
1063	1065	1064
940	1064	1065
1066	1067	1068
1060	1069	1067
1063	1068	1069
1067	1069	1068
934	1065	1062
1060	1062	1069
1063	1069	1065
1062	1065	1069
1034	1073	1072
1070	1072	1074
1071	1074	1073
1072	1073	1074
1056	1076	1077
1070	1078	1076
1075	1077	1078
1076	1078	1077
1066	1080	1079
1071	1079	1081
1075	1081	1080
1079	1080	1081
1070	1074	1078
1071	1081	1074
1075	1078	1081
1074	1081	1078
920	1054	1064
1053	1082	1054
1063	1064	1082
1054	1082	1064
1056	1077	1058
1053	1058	1083
1075	1083	1077
1058	1077	1083
1066	1068	1080
1063	1084	1068
1075	1080	1084
1068	1084	1080
1053	1083	1082
1063	1082	1084
1075	1084	1083
1082	1083	1084
980	984	1024
982	1085	984
1022	1024	1085
984	1085	1024
990	1087	991
982	991	1088
1086	1088	1087
991	1087	1088
1030	1031	1089
1022	1090	1031
1086	1089	1090
1031	1090	1089
982	1088	1085
1022	1085	1090
1086	1090	1088
1085	1088	1090
898	1061	995
994	995	1091
1060	1091	1061
995	1061	1091
990	1000	1093
994	1094	1000
1092	1093	1094
1000	1094	1093
1066	1095	1067
1060	1067	1096
1092	1096	1095
1067	1095	1096
994	1091	1094
1060	1096	1091
1092	1094	1096
1091	1096	1094
1034	1038	1073
1036	1097	1038
1071	1073	1097
1038	1097	1073
1030	1099	1044
1036	1044	1100
1098	1100	1099
1044	1099	1100
1066	1079	1101
1071	1102	1079
1098	1101	1102
1079	1102	1101
1036	1100	1097
1071	1097	1102
1098	1102	1100
1097	1100	1102
990	1093	1087
1086	1087	1103
1092	1103	1093
1087	1093	1103
1030	1089	1099
1086	1104	1089
1098	1099	1104
1089	1104	1099
1066	1101	1095
1092	1095	1105
1098	1105	1101
1095	1101	1105
1086	1103	1104
1092	1105	1103
1098	1104	1105
1103	1105	1104
1006	1010	1107
1106	1107	1108
1008	1108	1010
1107	1010	1108
1109	1111	1112
1106	1113	1111
1110	1112	1113
1111	1113	1112
1017	1114	1018
1008	1018	1115
1110	1115	1114
1018	1114	1115
1106	1108	1113
1008	1115	1108
1110	1113	1115
1108	1115	1113
1116	1119	1120
1117	1121	1119
1118	1120	1121
1119	1121	1120
1109	1124	1123
1117	1123	1125
1122	1125	1124
1123	1124	1125
1126	1127	1128
1118	1129	1127
1122	1128	1129
1127	1129	1128
1117	1125	1121
1118	1121	1129
1122	1129	1125
1121	1125	1129
1034	1131	1037
1035	1037	1132
1130	1132	1131
1037	1131	1132
1017	1041	1134
1035	1135	1041
1133	1134	1135
1041	1135	1134
1126	1137	1136
1130	1136	1138
1133	1138	1137
1136	1137	1138
1035	1132	1135
1130	1138	1132
1133	1135	1138
1132	1138	1135
1109	1112	1124
1110	1139	1112
1122	1124	1139
1112	1139	1124
1017	1134	1114
1110	1114	1140
1133	1140	1134
1114	1134	1140
1126	1128	1137
1122	1141	1128
1133	1137	1141
1128	1141	1137
1110	1140	1139
1122	1139	1141
1133	1141	1140
1139	1140	1141
1142	1145	1146
1143	1147	1145
1144	1146	1147
1145	1147	1146
1148	1151	1150
1143	1150	1152
1149	1152	1151
1150	1151	1152
1153	1154	1155
1144	1156	1154
1149	1155	1156
1154	1156	1155
1143	1152	1147
1144	1147	1156
1149	1156	1152
1147	1152	1156
1116	1160	1159
1157	1159	1161
1158	1161	1160
1159	1160	1161
1148	1163	1164
1157	1165	1163
1162	1164	1165
1163	1165	1164
1166	1168	1167
1158	1167	1169
1162	1169	1168
1167	1168	1169
1157	1161	1165
1158	1169	1161
1162	1165	1169
1161	1169	1165
1170	1173	1174
1171	1175	1173
1172	1174	1175
1173	1175	1174
1153	1178	1177
1171	1177	1179
1176	1179	1178
1177	1178	1179
1166	1180	1181
1172	1182	1180
1176	1181	1182
1180	1182	1181
1171	1179	1175
1172	1175	1182
1176	1182	1179
1175	1179	1182
1148	1164	1151
1149	1151	1183
1162	1183	1164
1151	1164	1183
1153	1155	1178
1149	1184	1155
1176	1178	1184
1155	1184	1178
1166	1181	1168
1162	1168	1185
1176	1185	1181
1168	1181	1185
1149	1183	1184
1162	1185	1183
1176	1184	1185
1183	1185	1184
770	1187	1051
1050	1051	1188
1186	1188	1187
1051	1187	1188
1056	1057	1190
1050	1191	1057
1189	1190	1191
1057	1191	1190
1192	1194	1193
1186	1193	1195
1189	1195	1194
1193	1194	1195
1050	1188	1191
1186	1195	1188
1189	1191	1195
1188	1195	1191
1034	1072	1197
1070	1198	1072
1196	1197	1198
1072	1198	1197
1056	1200	1076
1070	1076	1201
1199	1201	1200
1076	1200	1201
1202	1203	1204
1196	1205	1203
1199	1204	1205
1203	1205	1204
1070	1201	1198
1196	1198	1205
1199	1205	1201
1198	1201	1205
1170	1209	1208
1206	1208	1210
1207	1210	1209
1208	1209	1210
1192	1212	1213
1206	1214	1212
1211	1213	1214
1212	1214	1213
1202	1216	1215
1207	1215	1217
1211	1217	1216
1215	1216	1217
1206	1210	1214
1207	1217	1210
1211	1214	1217
1210	1217	1214
1056	1190	1200
1189	1218	1190
1199	1200	1218
1190	1218	1200
1192	1213	1194
1189	1194	1219
1211	1219	1213
1194	1213	1219
1202	1204	1216
1199	1220	1204
1211	1216	1220
1204	1220	1216
1189	1219	1218
1199	1218	1220
1211	1220	1219
1218	1219	1220
1116	1120	1160
1118	1221	1120
1158	1160	1221
1120	1221	1160
1126	1223	1127
1118	1127	1224
1222	1224	1223
1127	1223	1224
1166	1167	1225
1158	1226	1167
1222	1225	1226
1167	1226	1225
1118	1224	1221
1158	1221	1226
1222	1226	1224
1221	1224	1226
1034	1197	1131
1130	1131	1227
1196	1227	1197
1131	1197	1227
1126	1136	1229
1130	1230	1136
1228	1229	1230
1136	1230	1229
1202	1231	1203
1196	1203	1232
1228	1232	1231
1203	1231	1232
1130	1227	1230
1196	1232	1227
1228	1230	1232
1227	1232	1230
1170	1174	1209
1172	1233	1174
1207	1209	1233
1174	1233	1209
1166	1235	1180
1172	1180	1236
1234	1236	1235
1180	1235	1236
1202	1215	1237
1207	1238	1215
1234	1237	1238
1215	1238	1237
1172	1236	1233
1207	1233	1238
1234	1238	1236
1233	1236	1238
1126	1229	1223
1222	1223	1239
1228	1239	1229
1223	1229	1239
1166	1225	1235
1222	1240	1225
1234	1235	1240
1225	1240	1235
1202	1237	1231
1228	1231	1241
1234	1241	1237
1231	1237	1241
1222	1239	1240
1228	1241	1239
1234	1240	1241
1239	1241	1240
681	1243	685
1242	1244	1243
683	685	1244
1243	1244	685
1245	1248	1247
1242	1247	1249
1246	1249	1248
1247	1248	1249
692	693	1250
683	1251	693
1246	1250	1251
693	1251	1250
1242	1249	1244
683	1244	1251
1246	1251	1249
1244	1249	1251
1252	1256	1255
1253	1255	1257
1254	1257	1256
1255	1256	1257
1245	1259	1260
1253	1261	1259
1258	1260	1261
1259	1261	1260
1262	1264	1263
1254	1263	1265
1258	1265	1264
1263	1264	1265
1253	1257	1261
1254	1265	1257
1258	1261	1265
1257	1265	1261
710	713	1267
711	1268	713
1266	1267	1268
713	1268	1267
692	1270	717
711	717	1271
1269	1271	1270
717	1270	1271
1262	1272	1273
1266	1274	1272
1269	1273	1274
1272	1274	1273
711	1271	1268
1266	1268	1274
1269	1274	1271
1268	1271	1274
1245	1260	1248
1246	1248	1275
1258	1275	1260
1248	1260	1275
692	1250	1270
1246	1276	1250
1269	1270	1276
1250	1276	1270
1262	1273	1264
1258	1264	1277
1269	1277	1273
1264	1273	1277
1246	1275	1276
1258	1277	1275
1269	1276	1277
1275	1277	1276
1142	1146	1279
1278	1279	1280
1144	1280	1146
1279	1146	1280
1281	1283	1284
1278	1285	1283
1282	1284	1285
1283	1285	1284
1153	1286	1154
1144	1154	1287
1282	1287	1286
1154	1286	1287
1278	1280	1285
1144	1287	1280
1282	1285	1287
1280	1287	1285
1252	1290	1291
1288	1292	1290
1289	1291	1292
1290	1292	1291
1281	1295	1294
1288	1294	1296
1293	1296	1295
1294	1295	1296
1297	1298	1299
1289	1300	1298
1293	1299	1300
1298	1300	1299
1288	1296	1292
1289	1292	1300
1293	1300	1296
1292	1296	1300
1170	1302	1173
1171	1173	1303
1301	1303	1302
1173	1302	1303
1153	1177	1305
1171	1306	1177
1304	1305	1306
1177	1306	1305
1297	1308	1307
1301	1307	1309
1304	1309	1308
1307	1308	1309
1171	1303	1306
1301	1309	1303
1304	1306	1309
1303	1309	1306
1281	1284	1295
1282	1310	1284
1293	1295	1310
1284	1310	1295
1153	1305	1286
1282	1286	1311
1304	1311	1305
1286	1305	1311
1297	1299	1308
1293	1312	1299
1304	1308	1312
1299	1312	1308
1282	1311	1310
1293	1310	1312
1304	1312	1311
1310	1311	1312
770	773	1187
771	1313	773
1186	1187	1313
773	1313	1187
776	1315	778
771	778	1316
1314	1316	1315
778	1315	1316
1192	1193	1317
1186	1318	1193
1314	1317	1318
1193	1318	1317
771	1316	1313
1186	1313	1318
1314	1318	1316
1313	1316	1318
710	1320	787
785	787	1321
1319	1321	1320
787	1320	1321
776	791	1323
785	1324	791
1322	1323	1324
791	1324	1323
1325	1327	1326
1319	1326	1328
1322	1328	1327
1326	1327	1328
785	1321	1324
1319	1328	1321
1322	1324	1328
1321	1328	1324
1170	1208	1330
1206	1331	1208
1329	1330	1331
1208	1331	1330
1192	1333	1212
1206	1212	1334
1332	1334	1333
1212	1333	1334
1325	1335	1336
1329	1337	1335
1332	1336	1337
1335	1337	1336
1206	1334	1331
1329	1331	1337
1332	1337	1334
1331	1334	1337
776	1323	1315
1314	1315	1338
1322	1338	1323
1315	1323	1338
1192	1317	1333
1314	1339	1317
1332	1333	1339
1317	1339	1333
1325	1336	1327
1322	1327	1340
1332	1340	1336
1327	1336	1340
1314	1338	1339
1322	1340	1338
1332	1339	1340
1338	1340	1339
1252	1291	1256
1254	1256	1341
1289	1341	1291
1256	1291	1341
1262	1263	1343
1254	1344	1263
1342	1343	1344
1263	1344	1343
1297	1345	1298
1289	1298	1346
1342	1346	1345
1298	1345	1346
1254	1341	1344
1289	1346	1341
1342	1344	1346
1341	1346	1344
710	1267	1320
1266	1347	1267
1319	1320	1347
1267	1347	1320
1262	1349	1272
1266	1272	1350
1348	1350	1349
1272	1349	1350
1325	1326	1351
1319	1352	1326
1348	1351	1352
1326	1352	1351
1266	1350	1347
1319	1347	1352
1348	1352	1350
1347	1350	1352
1170	1330	1302
1301	1302	1353
1329	1353	1330
1302	1330	1353
1297	1307	1355
1301	1356	1307
1354	1355	1356
1307	1356	1355
1325	1357	1335
1329	1335	1358
1354	1358	1357
1335	1357	1358
1301	1353	1356
1329	1358	1353
1354	1356	1358
1353	1358	1356
1262	1343	1349
1342	1359	1343
1348	1349	1359
1343	1359	1349
1297	1355	1345
1342	1345	1360
1354	1360	1355
1345	1355	1360
1325	1351	1357
1348	1361	1351
1354	1357	1361
1351	1361	1357
1342	1360	1359
1348	1359	1361
1354	1361	1360
1359	1360	1361
45	1363	49
47	49	1364
1362	1364	1363
49	1363	1364
56	57	1366
47	1367	57
1365	1366	1367
57	1367	1366
1368	1370	1369
1362	1369	1371
1365	1371	1370
1369	1370	1371
47	1364	1367
1362	1371	1364
1365	1367	1371
1364	1371	1367
73	76	1373
74	1374	76
1372	1373	1374
76	1374	1373
56	1376	80
74	80	1377
1375	1377	1376
80	1376	1377
1378	1379	1380
1372	1381	1379
1375	1380	1381
1379	1381	1380
74	1377	1374
1372	1374	1381
1375	1381	1377
1374	1377	1381
1382	1386	1385
1383	1385	1387
1384	1387	1386
1385	1386	1387
1368	1389	1390
1383	1391	1389
1388	1390	1391
1389	1391	1390
1378	1393	1392
1384	1392	1394
1388	1394	1393
1392	1393	1394
1383	1387	1391
1384	1394	1387
1388	1391	1394
1387	1394	1391
56	1366	1376
1365	1395	1366
1375	1376	1395
1366	1395	1376
1368	1390	1370
1365	1370	1396
1388	1396	1390
1370	1390	1396
1378	1380	1393
1375	1397	1380
1388	1393	1397
1380	1397	1393
1365	1396	1395
1375	1395	1397
1388	1397	1396
1395	1396	1397
89	93	1399
91	1400	93
1398	1399	1400
93	1400	1399
100	1402	101
91	101	1403
1401	1403	1402
101	1402	1403
1404	1405	1406
1398	1407	1405
1401	1406	1407
1405	1407	1406
91	1403	1400
1398	1400	1407
1401	1407	1403
1400	1403	1407
73	1409	119
117	119	1410
1408	1410	1409
119	1409	1410
100	123	1412
117	1413	123
1411	1412	1413
123	1413	1412
1414	1416	1415
1408	1415	1417
1411	1417	1416
1415	1416	1417
117	1410	1413
1408	1417	1410
1411	1413	1417
1410	1417	1413
1418	1421	1422
1419	1423	1421
1420	1422	1423
1421	1423	1422
1404	1426	1425
1419	1425	1427
1424	1427	1426
1425	1426	1427
1414	1428	1429
1420	1430	1428
1424	1429	1430
1428	1430	1429
1419	1427	1423
1420	1423	1430
1424	1430	1427
1423	1427	1430
100	1412	1402
1401	1402	1431
1411	1431	1412
1402	1412	1431
1404	1406	1426
1401	1432	1406
1424	1426	1432
1406	1432	1426
1414	1429	1416
1411	1416	1433
1424	1433	1429
1416	1429	1433
1401	1431	1432
1411	1433	1431
1424	1432	1433
1431	1433	1432
681	1437	1436
1434	1436	1438
1435	1438	1437
1436	1437	1438
1439	1441	1442
1434	1443	1441
1440	1442	1443
1441	1443	1442
1444	1446	1445
1435	1445	1447
1440	1447	1446
1445	1446	1447
1434	1438	1443
1435	1447	1438
1440	1443	1447
1438	1447	1443
1382	1450	1451
1448	1452	1450
1449	1451	1452
1450	1452	1451
1439	1455	1454
1448	1454	1456
1453	1456	1455
1454	1455	1456
1457	1458	1459
1449	1460	1458
1453	1459	1460
1458	1460	1459
1448	1456	1452
1449	1452	1460
1453	1460	1456
1452	1456	1460
1418	1464	1463
1461	1463	1465
1462	1465	1464
1463	1464	1465
1444	1467	1468
1461	1469	1467
1466	1468	1469
1467	1469	1468
1457	1471	1470
1462	1470	1472
1466	1472	1471
1470	1471	1472
1461	1465	1469
1462	1472	1465
1466	1469	1472
1465	1472	1469
1439	1442	1455
1440	1473	1442
1453	1455	1473
1442	1473	1455
1444	1468	1446
1440	1446	1474
1466	1474	1468
1446	1468	1474
1457	1459	1471
1453	1475	1459
1466	1471	1475
1459	1475	1471
1440	1474	1473
1453	1473	1475
1466	1475	1474
1473	1474	1475
73	1373	1409
1372	1476	1373
1408	1409	1476
1373	1476	1409
1378	1478	1379
1372	1379	1479
1477	1479	1478
1379	1478	1479
1414	1415	1480
1408	1481	1415
1477	1480	1481
1415	1481	1480
1372	1479	1476
1408	1476	1481
1477	1481	1479
1476	1479	1481
1382	1451	1386
1384	1386	1482
1449	1482	1451
1386	1451	1482
1378	1392	1484
1384	1485	1392
1483	1484	1485
1392	1485	1484
1457	1486	1458
1449	1458	1487
1483	1487	1486
1458	1486	1487
1384	1482	1485
1449	1487	1482
1483	1485	1487
1482	1487	1485
1418	1422	1464
1420	1488	1422
1462	1464	1488
1422	1488	1464
1414	1490	1428
1420	1428	1491
1489	1491	1490
1428	1490	1491
1457	1470	1492
1462	1493	1470
1489	1492	1493
1470	1493	1492
1420	1491	1488
1462	1488	1493
1489	1493	1491
1488	1491	1493
1378	1484	1478
1477	1478	1494
1483	1494	1484
1478	1484	1494
1414	1480	1490
1477	1495	1480
1489	1490	1495
1480	1495	1490
1457	1492	1486
1483	1486	1496
1489	1496	1492
1486	1492	1496
1477	1494	1495
1483	1496	1494
1489	1495	1496
1494	1496	1495
89	1498	190
189	190	1499
1497	1499	1498
190	1498	1499
195	196	1501
189	1502	196
1500	1501	1502
196	1502	1501
1503	1505	1504
1497	1504	1506
1500	1506	1505
1504	1505	1506
189	1499	1502
1497	1506	1499
1500	1502	1506
1499	1506	1502
209	212	1508
210	1509	212
1507	1508	1509
212	1509	1508
195	1511	216
210	216	1512
1510	1512	1511
216	1511	1512
1513	1514	1515
1507	1516	1514
1510	1515	1516
1514	1516	1515
210	1512	1509
1507	1509	1516
1510	1516	1512
1509	1512	1516
1517	1521	1520
1518	1520	1522
1519	1522	1521
1520	1521	1522
1503	1524	1525
1518	1526	1524
1523	1525	1526
1524	1526	1525
1513	1528	1527
1519	1527	1529
1523	1529	1528
1527	1528	1529
1518	1522	1526
1519	1529	1522
1523	1526	1529
1522	1529	1526
195	1501	1511
1500	1530	1501
1510	1511	1530
1501	1530	1511
1503	1525	1505
1500	1505	1531
1523	1531	1525
1505	1525	1531
1513	1515	1528
1510	1532	1515
1523	1528	1532
1515	1532	1528
1500	1531	1530
1510	1530	1532
1523	1532	1531
1530	1531	1532
225	229	1534
227	1535	229
1533	1534	1535
229	1535	1534
236	1537	237
227	237	1538
1536	1538	1537
237	1537	1538
1539	1540	1541
1533	1542	1540
1536	1541	1542
1540	1542	1541
227	1538	1535
1533	1535	1542
1536	1542	1538
1535	1538	1542
209	1544	255
253	255	1545
1543	1545	1544
255	1544	1545
236	259	1547
253	1548	259
1546	1547	1548
259	1548	1547
1549	1551	1550
1543	1550	1552
1546	1552	1551
1550	1551	1552
253	1545	1548
1543	1552	1545
1546	1548	1552
1545	1552	1548
1553	1556	1557
1554	1558	1556
1555	1557	1558
1556	1558	1557
1539	1561	1560
1554	1560	1562
1559	1562	1561
1560	1561	1562
1549	1563	1564
1555	1565	1563
1559	1564	1565
1563	1565	1564
1554	1562	1558
1555	1558	1565
1559	1565	1562
1558	1562	1565
236	1547	1537
1536	1537	1566
1546	1566	1547
1537	1547	1566
1539	1541	1561
1536	1567	1541
1559	1561	1567
1541	1567	1561
1549	1564	1551
1546	1551	1568
1559	1568	1564
1551	1564	1568
1536	1566	1567
1546	1568	1566
1559	1567	1568
1566	1568	1567
726	1572	1571
1569	1571	1573
1570	1573	1572
1571	1572	1573
1574	1576	1577
1569	1578	1576
1575	1577	1578
1576	1578	1577
1579	1581	1580
1570	1580	1582
1575	1582	1581
1580	1581	1582
1569	1573	1578
1570	1582	1573
1575	1578	1582
1573	1582	1578
1517	1585	1586
1583	1587	1585
1584	1586	1587
1585	1587	1586
1574	1590	1589
1583	1589	1591
1588	1591	1590
1589	1590	1591
1592	1593	1594
1584	1595	1593
1588	1594	1595
1593	1595	1594
1583	1591	1587
1584	1587	1595
1588	1595	1591
1587	1591	1595
1553	1599	1598
1596	1598	1600
1597	1600	1599
1598	1599	1600
1579	1602	1603
1596	1604	1602
1601	1603	1604
1602	1604	1603
1592	1606	1605
1597	1605	1607
1601	1607	1606
1605	1606	1607
1596	1600	1604
1597	1607	1600
1601	1604	1607
1600	1607	1604
1574	1577	1590
1575	1608	1577
1588	1590	1608
1577	1608	1590
1579	1603	1581
1575	1581	1609
1601	1609	1603
1581	1603	1609
1592	1594	1606
1588	1610	1594
1601	1606	1610
1594	1610	1606
1575	1609	1608
1588	1608	1610
1601	1610	1609
1608	1609	1610
209	1508	1544
1507	1611	1508
1543	1544	1611
1508	1611	1544
1513	1613	1514
1507	1514	1614
1612	1614	1613
1514	1613	1614
1549	1550	1615
1543	1616	1550
1612	1615	1616
1550	1616	1615
1507	1614	1611
1543	1611	1616
1612	1616	1614
1611	1614	1616
1517	1586	1521
1519	1521	1617
1584	1617	1586
1521	1586	1617
1513	1527	1619
1519	1620	1527
1618	1619	1620
1527	1620	1619
1592	1621	1593
1584	1593	1622
1618	1622	1621
1593	1621	1622
1519	1617	1620
1584	1622	1617
1618	1620	1622
1617	1622	1620
1553	1557	1599
1555	1623	1557
1597	1599	1623
1557	1623	1599
1549	1625	1563
1555	1563	1626
1624	1626	1625
1563	1625	1626
1592	1605	1627
1597	1628	1605
1624	1627	1628
1605	1628	1627
1555	1626	1623
1597	1623	1628
1624	1628	1626
1623	1626	1628
1513	1619	1613
1612	1613	1629
1618	1629	1619
1613	1619	1629
1549	1615	1625
1612	1630	1615
1624	1625	1630
1615	1630	1625
1592	1627	1621
1618	1621	1631
1624	1631	1627
1621	1627	1631
1612	1629	1630
1618	1631	1629
1624	1630	1631
1629	1631	1630
225	1633	326
325	326	1634
1632	1634	1633
326	1633	1634
331	332	1636
325	1637	332
1635	1636	1637
332	1637	1636
1638	1640	1639
1632	1639	1641
1635	1641	1640
1639	1640	1641
325	1634	1637
1632	1641	1634
1635	1637	1641
1634	1641	1637
345	348	1643
346	1644	348
1642	1643	1644
348	1644	1643
331	1646	352
346	352	1647
1645	1647	1646
352	1646	1647
1648	1649	1650
1642	1651	1649
1645	1650	1651
1649	1651	1650
346	1647	1644
1642	1644	1651
1645	1651	1647
1644	1647	1651
1652	1656	1655
1653	1655	1657
1654	1657	1656
1655	1656	1657
1638	1659	1660
1653	1661	1659
1658	1660	1661
1659	1661	1660
1648	1663	1662
1654	1662	1664
1658	1664	1663
1662	1663	1664
1653	1657	1661
1654	1664	1657
1658	1661	1664
1657	1664	1661
331	1636	1646
1635	1665	1636
1645	1646	1665
1636	1665	1646
1638	1660	1640
1635	1640	1666
1658	1666	1660
1640	1660	1666
1648	1650	1663
1645	1667	1650
1658	1663	1667
1650	1667	1663
1635	1666	1665
1645	1665	1667
1658	1667	1666
1665	1666	1667
361	365	1669
363	1670	365
1668	1669	1670
365	1670	1669
372	1672	373
363	373	1673
1671	1673	1672
373	1672	1673
1674	1675	1676
1668	1677	1675
1671	1676	1677
1675	1677	1676
363	1673	1670
1668	1670	1677
1671	1677	1673
1670	1673	1677
345	1679	391
389	391	1680
1678	1680	1679
391	1679	1680
372	395	1682
389	1683	395
1681	1682	1683
395	1683	1682
1684	1686	1685
1678	1685	1687
1681	1687	1686
1685	1686	1687
389	1680	1683
1678	1687	1680
1681	1683	1687
1680	1687	1683
1688	1691	1692
1689	1693	1691
1690	1692	1693
1691	1693	1692
1674	1696	1695
1689	1695	1697
1694	1697	1696
1695	1696	1697
1684	1698	1699
1690	1700	1698
1694	1699	1700
1698	1700	1699
1689	1697	1693
1690	1693	1700
1694	1700	1697
1693	1697	1700
372	1682	1672
1671	1672	1701
1681	1701	1682
1672	1682	1701
1674	1676	1696
1671	1702	1676
1694	1696	1702
1676	1702	1696
1684	1699	1686
1681	1686	1703
1694	1703	1699
1686	1699	1703
1671	1701	1702
1681	1703	1701
1694	1702	1703
1701	1703	1702
870	1707	1706
1704	1706	1708
1705	1708	1707
1706	1707	1708
1709	1711	1712
1704	1713	1711
1710	1712	1713
1711	1713	1712
1714	1716	1715
1705	1715	1717
1710	1717	1716
1715	1716	1717
1704	1708	1713
1705	1717	1708
1710	1713	1717
1708	1717	1713
1652	1720	1721
1718	1722	1720
1719	1721	1722
1720	1722	1721
1709	1725	1724
1718	1724	1726
1723	1726	1725
1724	1725	1726
1727	1728	1729
1719	1730	1728
1723	1729	1730
1728	1730	1729
1718	1726	1722
1719	1722	1730
1723	1730	1726
1722	1726	1730
1688	1734	1733
1731	1733	1735
1732	1735	1734
1733	1734	1735
1714	1737	1738
1731	1739	1737
1736	1738	1739
1737	1739	1738
1727	1741	1740
1732	1740	1742
1736	1742	1741
1740	1741	1742
1731	1735	1739
1732	1742	1735
1736	1739	1742
1735	1742	1739
1709	1712	1725
1710	1743	1712
1723	1725	1743
1712	1743	1725
1714	1738	1716
1710	1716	1744
1736	1744	1738
1716	1738	1744
1727	1729	1741
1723	1745	1729
1736	1741	1745
1729	1745	1741
1710	1744	1743
1723	1743	1745
1736	1745	1744
1743	1744	1745
345	1643	1679
1642	1746	1643
1678	1679	1746
1643	1746	1679
1648	1748	1649
1642	1649	1749
1747	1749	1748
1649	1748	1749
1684	1685	1750
1678	1751	1685
1747	1750	1751
1685	1751	1750
1642	1749	1746
1678	1746	1751
1747	1751	1749
1746	1749	1751
1652	1721	1656
1654	1656	1752
1719	1752	1721
1656	1721	1752
1648	1662	1754
1654	1755	1662
1753	1754	1755
1662	1755	1754
1727	1756	1728
1719	1728	1757
1753	1757	1756
1728	1756	1757
1654	1752	1755
1719	1757	1752
1753	1755	1757
1752	1757	1755
1688	1692	1734
1690	1758	1692
1732	1734	1758
1692	1758	1734
1684	1760	1698
1690	1698	1761
1759	1761	1760
1698	1760	1761
1727	1740	1762
1732	1763	1740
1759	1762	1763
1740	1763	1762
1690	1761	1758
1732	1758	1763
1759	1763	1761
1758	1761	1763
1648	1754	1748
1747	1748	1764
1753	1764	1754
1748	1754	1764
1684	1750	1760
1747	1765	1750
1759	1760	1765
1750	1765	1760
1727	1762	1756
1753	1756	1766
1759	1766	1762
1756	1762	1766
1747	1764	1765
1753	1766	1764
1759	1765	1766
1764	1766	1765
361	1768	462
461	462	1769
1767	1769	1768
462	1768	1769
467	468	1771
461	1772	468
1770	1771	1772
468	1772	1771
1773	1775	1774
1767	1774	1776
1770	1776	1775
1774	1775	1776
461	1769	1772
1767	1776	1769
1770	1772	1776
1769	1776	1772
481	484	1778
482	1779	484
1777	1778	1779
484	1779	1778
467	1781	488
482	488	1782
1780	1782	1781
488	1781	1782
1783	1784	1785
1777	1786	1784
1780	1785	1786
1784	1786	1785
482	1782	1779
1777	1779	1786
1780	1786	1782
1779	1782	1786
1787	1791	1790
1788	1790	1792
1789	1792	1791
1790	1791	1792
1773	1794	1795
1788	1796	1794
1793	1795	1796
1794	1796	1795
1783	1798	1797
1789	1797	1799
1793	1799	1798
1797	1798	1799
1788	1792	1796
1789	1799	1792
1793	1796	1799
1792	1799	1796
467	1771	1781
1770	1800	1771
1780	1781	1800
1771	1800	1781
1773	1795	1775
1770	1775	1801
1793	1801	1795
1775	1795	1801
1783	1785	1798
1780	1802	1785
1793	1798	1802
1785	1802	1798
1770	1801	1800
1780	1800	1802
1793	1802	1801
1800	1801	1802
497	501	1804
499	1805	501
1803	1804	1805
501	1805	1804
508	1807	509
499	509	1808
1806	1808	1807
509	1807	1808
1809	1810	1811
1803	1812	1810
1806	1811	1812
1810	1812	1811
499	1808	1805
1803	1805	1812
1806	1812	1808
1805	1808	1812
481	1814	527
525	527	1815
1813	1815	1814
527	1814	1815
508	531	1817
525	1818	531
1816	1817	1818
531	1818	1817
1819	1821	1820
1813	1820	1822
1816	1822	1821
1820	1821	1822
525	1815	1818
1813	1822	1815
1816	1818	1822
1815	1822	1818
1823	1826	1827
1824	1828	1826
1825	1827	1828
1826	1828	1827
1809	1831	1830
1824	1830	1832
1829	1832	1831
1830	1831	1832
1819	1833	1834
1825	1835	1833
1829	1834	1835
1833	1835	1834
1824	1832	1828
1825	1828	1835
1829	1835	1832
1828	1832	1835
508	1817	1807
1806	1807	1836
1816	1836	1817
1807	1817	1836
1809	1811	1831
1806	1837	1811
1829	1831	1837
1811	1837	1831
1819	1834	1821
1816	1821	1838
1829	1838	1834
1821	1834	1838
1806	1836	1837
1816	1838	1836
1829	1837	1838
1836	1838	1837
1006	1842	1841
1839	1841	1843
1840	1843	1842
1841	1842	1843
1844	1846	1847
1839	1848	1846
1845	1847	1848
1846	1848	1847
1849	1851	1850
1840	1850	1852
1845	1852	1851
1850	1851	1852
1839	1843	1848
1840	1852	1843
1845	1848	1852
1843	1852	1848
1787	1855	1856
1853	1857	1855
1854	1856	1857
1855	1857	1856
1844	1860	1859
1853	1859	1861
1858	1861	1860
1859	1860	1861
1862	1863	1864
1854	1865	1863
1858	1864	1865
1863	1865	1864
1853	1861	1857
1854	1857	1865
1858	1865	1861
1857	1861	1865
1823	1869	1868
1866	1868	1870
1867	1870	1869
1868	1869	1870
1849	1872	1873
1866	1874	1872
1871	1873	1874
1872	1874	1873
1862	1876	1875
1867	1875	1877
1871	1877	1876
1875	1876	1877
1866	1870	1874
1867	1877	1870
1871	1874	1877
1870	1877	1874
1844	1847	1860
1845	1878	1847
1858	1860	1878
1847	1878	1860
1849	1873	1851
1845	1851	1879
1871	1879	1873
1851	1873	1879
1862	1864	1876
1858	1880	1864
1871	1876	1880
1864	1880	1876
1845	1879	1878
1858	1878	1880
1871	1880	1879
1878	1879	1880
481	1778	1814
1777	1881	1778
1813	1814	1881
1778	1881	1814
1783	1883	1784
1777	1784	1884
1882	1884	1883
1784	1883	1884
1819	1820	1885
1813	1886	1820
1882	1885	1886
1820	1886	1885
1777	1884	1881
1813	1881	1886
1882	1886	1884
1881	1884	1886
1787	1856	1791
1789	1791	1887
1854	1887	1856
1791	1856	1887
1783	1797	1889
1789	1890	1797
1888	1889	1890
1797	1890	1889
1862	1891	1863
1854	1863	1892
1888	1892	1891
1863	1891	1892
1789	1887	1890
1854	1892	1887
1888	1890	1892
1887	1892	1890
1823	1827	1869
1825	1893	1827
1867	1869	1893
1827	1893	1869
1819	1895	1833
1825	1833	1896
1894	1896	1895
1833	1895	1896
1862	1875	1897
1867	1898	1875
1894	1897	1898
1875	1898	1897
1825	1896	1893
1867	1893	1898
1894	1898	1896
1893	1896	1898
1783	1889	1883
1882	1883	1899
1888	1899	1889
1883	1889	1899
1819	1885	1895
1882	1900	1885
1894	1895	1900
1885	1900	1895
1862	1897	1891
1888	1891	1901
1894	1901	1897
1891	1897	1901
1882	1899	1900
1888	1901	1899
1894	1900	1901
1899	1901	1900
45	590	1903
589	1904	590
1902	1903	1904
590	1904	1903
595	1906	596
589	596	1907
1905	1907	1906
596	1906	1907
1908	1909	1910
1902	1911	1909
1905	1910	1911
1909	1911	1910
589	1907	1904
1902	1904	1911
1905	1911	1907
1904	1907	1911
609	1913	612
610	612	1914
1912	1914	1913
612	1913	1914
595	616	1916
610	1917	616
1915	1916	1917
616	1917	1916
1918	1920	1919
1912	1919	1921
1915	1921	1920
1919	1920	1921
610	1914	1917
1912	1921	1914
1915	1917	1921
1914	1921	1917
1922	1925	1926
1923	1927	1925
1924	1926	1927
1925	1927	1926
1908	1930	1929
1923	1929	1931
1928	1931	1930
1929	1930	1931
1918	1932	1933
1924	1934	1932
1928	1933	1934
1932	1934	1933
1923	1931	1927
1924	1927	1934
1928	1934	1931
1927	1931	1934
595	1916	1906
1905	1906	1935
1915	1935	1916
1906	1916	1935
1908	1910	1930
1905	1936	1910
1928	1930	1936
1910	1936	1930
1918	1933	1920
1915	1920	1937
1928	1937	1933
1920	1933	1937
1905	1935	1936
1915	1937	1935
1928	1936	1937
1935	1937	1936
497	1939	626
625	626	1940
1938	1940	1939
626	1939	1940
631	632	1942
625	1943	632
1941	1942	1943
632	1943	1942
1944	1946	1945
1938	1945	1947
1941	1947	1946
1945	1946	1947
625	1940	1943
1938	1947	1940
1941	1943	1947
1940	1947	1943
609	647	1949
645	1950	647
1948	1949	1950
647	1950	1949
631	1952	651
645	651	1953
1951	1953	1952
651	1952	1953
1954	1955	1956
1948	1957	1955
1951	1956	1957
1955	1957	1956
645	1953	1950
1948	1950	1957
1951	1957	1953
1950	1953	1957
1958	1962	1961
1959	1961	1963
1960	1963	1962
1961	1962	1963
1944	1965	1966
1959	1967	1965
1964	1966	1967
1965	1967	1966
1954	1969	1968
1960	1968	1970
1964	1970	1969
1968	1969	1970
1959	1963	1967
1960	1970	1963
1964	1967	1970
1963	1970	1967
631	1942	1952
1941	1971	1942
1951	1952	1971
1942	1971	1952
1944	1966	1946
1941	1946	1972
1964	1972	1966
1946	1966	1972
1954	1956	1969
1951	1973	1956
1964	1969	1973
1956	1973	1969
1941	1972	1971
1951	1971	1973
1964	1973	1972
1971	1972	1973
1142	1976	1977
1974	1978	1976
1975	1977	1978
1976	1978	1977
1979	1982	1981
1974	1981	1983
1980	1983	1982
1981	1982	1983
1984	1985	1986
1975	1987	1985
1980	1986	1987
1985	1987	1986
1974	1983	1978
1975	1978	1987
1980	1987	1983
1978	1983	1987
1922	1991	1990
1988	1990	1992
1989	1992	1991
1990	1991	1992
1979	1994	1995
1988	1996	1994
1993	1995	1996
1994	1996	1995
1997	1999	1998
1989	1998	2000
1993	2000	1999
1998	1999	2000
1988	1992	1996
1989	2000	1992
1993	1996	2000
1992	2000	1996
1958	2003	2004
2001	2005	2003
2002	2004	2005
2003	2005	2004
1984	2008	2007
2001	2007	2009
2006	2009	2008
2007	2008	2009
1997	2010	2011
2002	2012	2010
2006	2011	2012
2010	2012	2011
2001	2009	2005
2002	2005	2012
2006	2012	2009
2005	2009	2012
1979	1995	1982
1980	1982	2013
1993	2013	1995
1982	1995	2013
1984	1986	2008
1980	2014	1986
2006	2008	2014
1986	2014	2008
1997	2011	1999
1993	1999	2015
2006	2015	2011
1999	2011	2015
1980	2013	2014
1993	2015	2013
2006	2014	2015
2013	2015	2014
609	1949	1913
1912	1913	2016
1948	2016	1949
1913	1949	2016
1918	1919	2018
1912	2019	1919
2017	2018	2019
1919	2019	2018
1954	2020	1955
1948	1955	2021
2017	2021	2020
1955	2020	2021
1912	2016	2019
1948	2021	2016
2017	2019	2021
2016	2021	2019
1922	1926	1991
1924	2022	1926
1989	1991	2022
1926	2022	1991
1918	2024	1932
1924	1932	2025
2023	2025	2024
1932	2024	2025
1997	1998	2026
1989	2027	1998
2023	2026	2027
1998	2027	2026
1924	2025	2022
1989	2022	2027
2023	2027	2025
2022	2025	2027
1958	2004	1962
1960	1962	2028
2002	2028	2004
1962	2004	2028
1954	1968	2030
1960	2031	1968
2029	2030	2031
1968	2031	2030
1997	2032	2010
2002	2010	2033
2029	2033	2032
2010	2032	2033
1960	2028	2031
2002	2033	2028
2029	2031	2033
2028	2033	2031
1918	2018	2024
2017	2034	2018
2023	2024	2034
2018	2034	2024
1954	2030	2020
2017	2020	2035
2029	2035	2030
2020	2030	2035
1997	2026	2032
2023	2036	2026
2029	2032	2036
2026	2036	2032
2017	2035	2034
2023	2034	2036
2029	2036	2035
2034	2035	2036
89	1399	1498
1398	2037	1399
1497	1498	2037
1399	2037	1498
1404	2039	1405
1398	1405	2040
2038	2040	2039
1405	2039	2040
1503	1504	2041
1497	2042	1504
2038	2041	2042
1504	2042	2041
1398	2040	2037
1497	2037	2042
2038	2042	2040
2037	2040	2042
1418	2044	1421
1419	1421	2045
2043	2045	2044
1421	2044	2045
1404	1425	2047
1419	2048	1425
2046	2047	2048
1425	2048	2047
2049	2051	2050
2043	2050	2052
2046	2052	2051
2050	2051	2052
1419	2045	2048
2043	2052	2045
2046	2048	2052
2045	2052	2048
1517	1520	2054
1518	2055	1520
2053	2054	2055
1520	2055	2054
1503	2057	1524
1518	1524	2058
2056	2058	2057
1524	2057	2058
2049	2059	2060
2053	2061	2059
2056	2060	2061
2059	2061	2060
1518	2058	2055
2053	2055	2061
2056	2061	2058
2055	2058	2061
1404	2047	2039
2038	2039	2062
2046	2062	2047
2039	2047	2062
1503	2041	2057
2038	2063	2041
2056	2057	2063
2041	2063	2057
2049	2060	2051
2046	2051	2064
2056	2064	2060
2051	2060	2064
2038	2062	2063
2046	2064	2062
2056	2063	2064
2062	2064	2063
681	684	1437
1435	1437	2065
682	2065	684
1437	684	2065
1444	1445	2067
1435	2068	1445
2066	2067	2068
1445	2068	2067
687	2069	689
682	689	2070
2066	2070	2069
689	2069	2070
1435	2065	2068
682	2070	2065
2066	2068	2070
2065	2070	2068
1418	1463	2072
1461	2073	1463
2071	2072	2073
1463	2073	2072
1444	2075	1467
1461	1467	2076
2074	2076	2075
1467	2075	2076
2077	2078	2079
2071	2080	2078
2074	2079	2080
2078	2080	2079
1461	2076	2073
2071	2073	2080
2074	2080	2076
2073	2076	2080
696	2082	699
697	699	2083
2081	2083	2082
699	2082	2083
687	703	2085
697	2086	703
2084	2085	2086
703	2086	2085
2077	2088	2087
2081	2087	2089
2084	2089	2088
2087	2088	2089
697	2083	2086
2081	2089	2083
2084	2086	2089
2083	2089	2086
1444	2067	2075
2066	2090	2067
2074	2075	2090
2067	2090	2075
687	2085	2069
2066	2069	2091
2084	2091	2085
2069	2085	2091
2077	2079	2088
2074	2092	2079
2084	2088	2092
2079	2092	2088
2066	2091	2090
2074	2090	2092
2084	2092	2091
2090	2091	2092
726	1571	729
1569	2093	1571
727	729	2093
1571	2093	729
1574	2095	1576
1569	1576	2096
2094	2096	2095
1576	2095	2096
732	734	2097
727	2098	734
2094	2097	2098
734	2098	2097
1569	2096	2093
727	2093	2098
2094	2098	2096
2093	2096	2098
1517	2100	1585
1583	1585	2101
2099	2101	2100
1585	2100	2101
1574	1589	2103
1583	2104	1589
2102	2103	2104
1589	2104	2103
2105	2107	2106
2099	2106	2108
2102	2108	2107
2106	2107	2108
1583	2101	2104
2099	2108	2101
2102	2104	2108
2101	2108	2104
696	743	2110
741	2111	743
2109	2110	2111
743	2111	2110
732	2113	747
741	747	2114
2112	2114	2113
747	2113	2114
2105	2115	2116
2109	2117	2115
2112	2116	2117
2115	2117	2116
741	2114	2111
2109	2111	2117
2112	2117	2114
2111	2114	2117
1574	2103	2095
2094	2095	2118
2102	2118	2103
2095	2103	2118
732	2097	2113
2094	2119	2097
2112	2113	2119
2097	2119	2113
2105	2116	2107
2102	2107	2120
2112	2120	2116
2107	2116	2120
2094	2118	2119
2102	2120	2118
2112	2119	2120
2118	2120	2119
1418	2072	2044
2043	2044	2121
2071	2121	2072
2044	2072	2121
2049	2050	2123
2043	2124	2050
2122	2123	2124
2050	2124	2123
2077	2125	2078
2071	2078	2126
2122	2126	2125
2078	2125	2126
2043	2121	2124
2071	2126	2121
2122	2124	2126
2121	2126	2124
1517	2054	2100
2053	2127	2054
2099	2100	2127
2054	2127	2100
2049	2129	2059
2053	2059	2130
2128	2130	2129
2059	2129	2130
2105	2106	2131
2099	2132	2106
2128	2131	2132
2106	2132	2131
2053	2130	2127
2099	2127	2132
2128	2132	2130
2127	2130	2132
696	2110	2082
2081	2082	2133
2109	2133	2110
2082	2110	2133
2077	2087	2135
2081	2136	2087
2134	2135	2136
2087	2136	2135
2105	2137	2115
2109	2115	2138
2134	2138	2137
2115	2137	2138
2081	2133	2136
2109	2138	2133
2134	2136	2138
2133	2138	2136
2049	2123	2129
2122	2139	2123
2128	2129	2139
2123	2139	2129
2077	2135	2125
2122	2125	2140
2134	2140	2135
2125	2135	2140
2105	2131	2137
2128	2141	2131
2134	2137	2141
2131	2141	2137
2122	2140	2139
2128	2139	2141
2134	2141	2140
2139	2140	2141
225	1534	1633
1533	2142	1534
1632	1633	2142
1534	2142	1633
1539	2144	1540
1533	1540	2145
2143	2145	2144
1540	2144	2145
1638	1639	2146
1632	2147	1639
2143	2146	2147
1639	2147	2146
1533	2145	2142
1632	2142	2147
2143	2147	2145
2142	2145	2147
1553	2149	1556
1554	1556	2150
2148	2150	2149
1556	2149	2150
1539	1560	2152
1554	2153	1560
2151	2152	2153
1560	2153	2152
2154	2156	2155
2148	2155	2157
2151	2157	2156
2155	2156	2157
1554	2150	2153
2148	2157	2150
2151	2153	2157
2150	2157	2153
1652	1655	2159
1653	2160	1655
2158	2159	2160
1655	2160	2159
1638	2162	1659
1653	1659	2163
2161	2163	2162
1659	2162	2163
2154	2164	2165
2158	2166	2164
2161	2165	2166
2164	2166	2165
1653	2163	2160
2158	2160	2166
2161	2166	2163
2160	2163	2166
1539	2152	2144
2143	2144	2167
2151	2167	2152
2144	2152	2167
1638	2146	2162
2143	2168	2146
2161	2162	2168
2146	2168	2162
2154	2165	2156
2151	2156	2169
2161	2169	2165
2156	2165	2169
2143	2167	2168
2151	2169	2167
2161	2168	2169
2167	2169	2168
726	835	1572
1570	1572	2170
834	2170	835
1572	835	2170
1579	1580	2172
1570	2173	1580
2171	2172	2173
1580	2173	2172
837	2174	839
834	839	2175
2171	2175	2174
839	2174	2175
1570	2170	2173
834	2175	2170
2171	2173	2175
2170	2175	2173
1553	1598	2177
1596	2178	1598
2176	2177	2178
1598	2178	2177
1579	2180	1602
1596	1602	2181
2179	2181	2180
1602	2180	2181
2182	2183	2184
2176	2185	2183
2179	2184	2185
2183	2185	2184
1596	2181	2178
2176	2178	2185
2179	2185	2181
2178	2181	2185
844	2187	847
845	847	2188
2186	2188	2187
847	2187	2188
837	851	2190
845	2191	851
2189	2190	2191
851	2191	2190
2182	2193	2192
2186	2192	2194
2189	2194	2193
2192	2193	2194
845	2188	2191
2186	2194	2188
2189	2191	2194
2188	2194	2191
1579	2172	2180
2171	2195	2172
2179	2180	2195
2172	2195	2180
837	2190	2174
2171	2174	2196
2189	2196	2190
2174	2190	2196
2182	2184	2193
2179	2197	2184
2189	2193	2197
2184	2197	2193
2171	2196	2195
2179	2195	2197
2189	2197	2196
2195	2196	2197
870	1706	873
1704	2198	1706
871	873	2198
1706	2198	873
1709	2200	1711
1704	1711	2201
2199	2201	2200
1711	2200	2201
876	878	2202
871	2203	878
2199	2202	2203
878	2203	2202
1704	2201	2198
871	2198	2203
2199	2203	2201
2198	2201	2203
1652	2205	1720
1718	1720	2206
2204	2206	2205
1720	2205	2206
1709	1724	2208
1718	2209	1724
2207	2208	2209
1724	2209	2208
2210	2212	2211
2204	2211	2213
2207	2213	2212
2211	2212	2213
1718	2206	2209
2204	2213	2206
2207	2209	2213
2206	2213	2209
844	887	2215
885	2216	887
2214	2215	2216
887	2216	2215
876	2218	891
885	891	2219
2217	2219	2218
891	2218	2219
2210	2220	2221
2214	2222	2220
2217	2221	2222
2220	2222	2221
885	2219	2216
2214	2216	2222
2217	2222	2219
2216	2219	2222
1709	2208	2200
2199	2200	2223
2207	2223	2208
2200	2208	2223
876	2202	2218
2199	2224	2202
2217	2218	2224
2202	2224	2218
2210	2221	2212
2207	2212	2225
2217	2225	2221
2212	2221	2225
2199	2223	2224
2207	2225	2223
2217	2224	2225
2223	2225	2224
1553	2177	2149
2148	2149	2226
2176	2226	2177
2149	2177	2226
2154	2155	2228
2148	2229	2155
2227	2228	2229
2155	2229	2228
2182	2230	2183
2176	2183	2231
2227	2231	2230
2183	2230	2231
2148	2226	2229
2176	2231	2226
2227	2229	2231
2226	2231	2229
1652	2159	2205
2158	2232	2159
2204	2205	2232
2159	2232	2205
2154	2234	2164
2158	2164	2235
2233	2235	2234
2164	2234	2235
2210	2211	2236
2204	2237	2211
2233	2236	2237
2211	2237	2236
2158	2235	2232
2204	2232	2237
2233	2237	2235
2232	2235	2237
844	2215	2187
2186	2187	2238
2214	2238	2215
2187	2215	2238
2182	2192	2240
2186	2241	2192
2239	2240	2241
2192	2241	2240
2210	2242	2220
2214	2220	2243
2239	2243	2242
2220	2242	2243
2186	2238	2241
2214	2243	2238
2239	2241	2243
2238	2243	2241
2154	2228	2234
2227	2244	2228
2233	2234	2244
2228	2244	2234
2182	2240	2230
2227	2230	2245
2239	2245	2240
2230	2240	2245
2210	2236	2242
2233	2246	2236
2239	2242	2246
2236	2246	2242
2227	2245	2244
2233	2244	2246
2239	2246	2245
2244	2245	2246
361	1669	1768
1668	2247	1669
1767	1768	2247
1669	2247	1768
1674	2249	1675
1668	1675	2250
2248	2250	2249
1675	2249	2250
1773	1774	2251
1767	2252	1774
2248	2251	2252
1774	2252	2251
1668	2250	2247
1767	2247	2252
2248	2252	2250
2247	2250	2252
1688	2254	1691
1689	1691	2255
2253	2255	2254
1691	2254	2255
1674	1695	2257
1689	2258	1695
2256	2257	2258
1695	2258	2257
2259	2261	2260
2253	2260	2262
2256	2262	2261
2260	2261	2262
1689	2255	2258
2253	2262	2255
2256	2258	2262
2255	2262	2258
1787	1790	2264
1788	2265	1790
2263	2264	2265
1790	2265	2264
1773	2267	1794
1788	1794	2268
2266	2268	2267
1794	2267	2268
2259	2269	2270
2263	2271	2269
2266	2270	2271
2269	2271	2270
1788	2268	2265
2263	2265	2271
2266	2271	2268
2265	2268	2271
1674	2257	2249
2248	2249	2272
2256	2272	2257
2249	2257	2272
1773	2251	2267
2248	2273	2251
2266	2267	2273
2251	2273	2267
2259	2270	2261
2256	2261	2274
2266	2274	2270
2261	2270	2274
2248	2272	2273
2256	2274	2272
2266	2273	2274
2272	2274	2273
870	971	1707
1705	1707	2275
970	2275	971
1707	971	2275
1714	1715	2277
1705	2278	1715
2276	2277	2278
1715	2278	2277
973	2279	975
970	975	2280
2276	2280	2279
975	2279	2280
1705	2275	2278
970	2280	2275
2276	2278	2280
2275	2280	2278
1688	1733	2282
1731	2283	1733
2281	2282	2283
1733	2283	2282
1714	2285	1737
1731	1737	2286
2284	2286	2285
1737	2285	2286
2287	2288	2289
2281	2290	2288
2284	2289	2290
2288	2290	2289
1731	2286	2283
2281	2283	2290
2284	2290	2286
2283	2286	2290
980	2292	983
981	983	2293
2291	2293	2292
983	2292	2293
973	987	2295
981	2296	987
2294	2295	2296
987	2296	2295
2287	2298	2297
2291	2297	2299
2294	2299	2298
2297	2298	2299
981	2293	2296
2291	2299	2293
2294	2296	2299
2293	2299	2296
1714	2277	2285
2276	2300	2277
2284	2285	2300
2277	2300	2285
973	2295	2279
2276	2279	2301
2294	2301	2295
2279	2295	2301
2287	2289	2298
2284	2302	2289
2294	2298	2302
2289	2302	2298
2276	2301	2300
2284	2300	2302
2294	2302	2301
2300	2301	2302
1006	1841	1009
1839	2303	1841
1007	1009	2303
1841	2303	1009
1844	2305	1846
1839	1846	2306
2304	2306	2305
1846	2305	2306
1012	1014	2307
1007	2308	1014
2304	2307	2308
1014	2308	2307
1839	2306	2303
1007	2303	2308
2304	2308	2306
2303	2306	2308
1787	2310	1855
1853	1855	2311
2309	2311	2310
1855	2310	2311
1844	1859	2313
1853	2314	1859
2312	2313	2314
1859	2314	2313
2315	2317	2316
2309	2316	2318
2312	2318	2317
2316	2317	2318
1853	2311	2314
2309	2318	2311
2312	2314	2318
2311	2318	2314
980	1023	2320
1021	2321	1023
2319	2320	2321
1023	2321	2320
1012	2323	1027
1021	1027	2324
2322	2324	2323
1027	2323	2324
2315	2325	2326
2319	2327	2325
2322	2326	2327
2325	2327	2326
1021	2324	2321
2319	2321	2327
2322	2327	2324
2321	2324	2327
1844	2313	2305
2304	2305	2328
2312	2328	2313
2305	2313	2328
1012	2307	2323
2304	2329	2307
2322	2323	2329
2307	2329	2323
2315	2326	2317
2312	2317	2330
2322	2330	2326
2317	2326	2330
2304	2328	2329
2312	2330	2328
2322	2329	2330
2328	2330	2329
1688	2282	2254
2253	2254	2331
2281	2331	2282
2254	2282	2331
2259	2260	2333
2253	2334	2260
2332	2333	2334
2260	2334	2333
2287	2335	2288
2281	2288	2336
2332	2336	2335
2288	2335	2336
2253	2331	2334
2281	2336	2331
2332	2334	2336
2331	2336	2334
1787	2264	2310
2263	2337	2264
2309	2310	2337
2264	2337	2310
2259	2339	2269
2263	2269	2340
2338	2340	2339
2269	2339	2340
2315	2316	2341
2309	2342	2316
2338	2341	2342
2316	2342	2341
2263	2340	2337
2309	2337	2342
2338	2342	2340
2337	2340	2342
980	2320	2292
2291	2292	2343
2319	2343	2320
2292	2320	2343
2287	2297	2345
2291	2346	2297
2344	2345	2346
2297	2346	2345
2315	2347	2325
2319	2325	2348
2344	2348	2347
2325	2347	2348
2291	2343	2346
2319	2348	2343
2344	2346	2348
2343	2348	2346
2259	2333	2339
2332	2349	2333
2338	2339	2349
2333	2349	2339
2287	2345	2335
2332	2335	2350
2344	2350	2345
2335	2345	2350
2315	2341	2347
2338	2351	2341
2344	2347	2351
2341	2351	2347
2332	2350	2349
2338	2349	2351
2344	2351	2350
2349	2350	2351
497	1804	1939
1803	2352	1804
1938	1939	2352
1804	2352	1939
1809	2354	1810
1803	1810	2355
2353	2355	2354
1810	2354	2355
1944	1945	2356
1938	2357	1945
2353	2356	2357
1945	2357	2356
1803	2355	2352
1938	2352	2357
2353	2357	2355
2352	2355	2357
1823	2359	1826
1824	1826	2360
2358	2360	2359
1826	2359	2360
1809	1830	2362
1824	2363	1830
2361	2362	2363
1830	2363	2362
2364	2366	2365
2358	2365	2367
2361	2367	2366
2365	2366	2367
1824	2360	2363
2358	2367	2360
2361	2363	2367
2360	2367	2363
1958	1961	2369
1959	2370	1961
2368	2369	2370
1961	2370	2369
1944	2372	1965
1959	1965	2373
2371	2373	2372
1965	2372	2373
2364	2374	2375
2368	2376	2374
2371	2375	2376
2374	2376	2375
1959	2373	2370
2368	2370	2376
2371	2376	2373
2370	2373	2376
1809	2362	2354
2353	2354	2377
2361	2377	2362
2354	2362	2377
1944	2356	2372
2353	2378	2356
2371	2372	2378
2356	2378	2372
2364	2375	2366
2361	2366	2379
2371	2379	2375
2366	2375	2379
2353	2377	2378
2361	2379	2377
2371	2378	2379
2377	2379	2378
1006	1107	1842
1840	1842	2380
1106	2380	1107
1842	1107	2380
1849	1850	2382
1840	2383	1850
2381	2382	2383
1850	2383	2382
1109	2384	1111
1106	1111	2385
2381	2385	2384
1111	2384	2385
1840	2380	2383
1106	2385	2380
2381	2383	2385
2380	2385	2383
1823	1868	2387
1866	2388	1868
2386	2387	2388
1868	2388	2387
1849	2390	1872
1866	1872	2391
2389	2391	2390
1872	2390	2391
2392	2393	2394
2386	2395	2393
2389	2394	2395
2393	2395	2394
1866	2391	2388
2386	2388	2395
2389	2395	2391
2388	2391	2395
1116	2397	1119
1117	1119	2398
2396	2398	2397
1119	2397	2398
1109	1123	2400
1117	2401	1123
2399	2400	2401
1123	2401	2400
2392	2403	2402
2396	2402	2404
2399	2404	2403
2402	2403	2404
1117	2398	2401
2396	2404	2398
2399	2401	2404
2398	2404	2401
1849	2382	2390
2381	2405	2382
2389	2390	2405
2382	2405	2390
1109	2400	2384
2381	2384	2406
2399	2406	2400
2384	2400	2406
2392	2394	2403
2389	2407	2394
2399	2403	2407
2394	2407	2403
2381	2406	2405
2389	2405	2407
2399	2407	2406
2405	2406	2407
1142	1977	1145
1975	2408	1977
1143	1145	2408
1977	2408	1145
1984	2410	1985
1975	1985	2411
2409	2411	2410
1985	2410	2411
1148	1150	2412
1143	2413	1150
2409	2412	2413
1150	2413	2412
1975	2411	2408
1143	2408	2413
2409	2413	2411
2408	2411	2413
1958	2415	2003
2001	2003	2416
2414	2416	2415
2003	2415	2416
1984	2007	2418
2001	2419	2007
2417	2418	2419
2007	2419	2418
2420	2422	2421
2414	2421	2423
2417	2423	2422
2421	2422	2423
2001	2416	2419
2414	2423	2416
2417	2419	2423
2416	2423	2419
1116	1159	2425
1157	2426	1159
2424	2425	2426
1159	2426	2425
1148	2428	1163
1157	1163	2429
2427	2429	2428
1163	2428	2429
2420	2430	2431
2424	2432	2430
2427	2431	2432
2430	2432	2431
1157	2429	2426
2424	2426	2432
2427	2432	2429
2426	2429	2432
1984	2418	2410
2409	2410	2433
2417	2433	2418
2410	2418	2433
1148	2412	2428
2409	2434	2412
2427	2428	2434
2412	2434	2428
2420	2431	2422
2417	2422	2435
2427	2435	2431
2422	2431	2435
2409	2433	2434
2417	2435	2433
2427	2434	2435
2433	2435	2434
1823	2387	2359
2358	2359	2436
2386	2436	2387
2359	2387	2436
2364	2365	2438
2358	2439	2365
2437	2438	2439
2365	2439	2438
2392	2440	2393
2386	2393	2441
2437	2441	2440
2393	2440	2441
2358	2436	2439
2386	2441	2436
2437	2439	2441
2436	2441	2439
1958	2369	2415
2368	2442	2369
2414	2415	2442
2369	2442	2415
2364	2444	2374
2368	2374	2445
2443	2445	2444
2374	2444	2445
2420	2421	2446
2414	2447	2421
2443	2446	2447
2421	2447	2446
2368	2445	2442
2414	2442	2447
2443	2447	2445
2442	2445	2447
1116	2425	2397
2396	2397	2448
2424	2448	2425
2397	2425	2448
2392	2402	2450
2396	2451	2402
2449	2450	2451
2402	2451	2450
2420	2452	2430
2424	2430	2453
2449	2453	2452
2430	2452	2453
2396	2448	2451
2424	2453	2448
2449	2451	2453
2448	2453	2451
2364	2438	2444
2437	2454	2438
2443	2444	2454
2438	2454	2444
2392	2450	2440
2437	2440	2455
2449	2455	2450
2440	2450	2455
2420	2446	2452
2443	2456	2446
2449	2452	2456
2446	2456	2452
2437	2455	2454
2443	2454	2456
2449	2456	2455
2454	2455	2456
45	1903	1363
1362	1363	2457
1902	2457	1903
1363	1903	2457
1368	1369	2459
1362	2460	1369
2458	2459	2460
1369	2460	2459
1908	2461	1909
1902	1909	2462
2458	2462	2461
1909	2461	2462
1362	2457	2460
1902	2462	2457
2458	2460	2462
2457	2462	2460
1382	1385	2464
1383	2465	1385
2463	2464	2465
1385	2465	2464
1368	2467	1389
1383	1389	2468
2466	2468	2467
1389	2467	2468
2469	2470	2471
2463	2472	2470
2466	2471	2472
2470	2472	2471
1383	2468	2465
2463	2465	2472
2466	2472	2468
2465	2468	2472
1922	2474	1925
1923	1925	2475
2473	2475	2474
1925	2474	2475
1908	1929	2477
1923	2478	1929
2476	2477	2478
1929	2478	2477
2469	2480	2479
2473	2479	2481
2476	2481	2480
2479	2480	2481
1923	2475	2478
2473	2481	2475
2476	2478	2481
2475	2481	2478
1368	2459	2467
2458	2482	2459
2466	2467	2482
2459	2482	2467
1908	2477	2461
2458	2461	2483
2476	2483	2477
2461	2477	2483
2469	2471	2480
2466	2484	2471
2476	2480	2484
2471	2484	2480
2458	2483	2482
2466	2482	2484
2476	2484	2483
2482	2483	2484
681	1436	1243
1434	2485	1436
1242	1243	2485
1436	2485	1243
1439	2487	1441
1434	1441	2488
2486	2488	2487
1441	2487	2488
1245	1247	2489
1242	2490	1247
2486	2489	2490
1247	2490	2489
1434	2488	2485
1242	2485	2490
2486	2490	2488
2485	2488	2490
1382	2492	1450
1448	1450	2493
2491	2493	2492
1450	2492	2493
1439	1454	2495
1448	2496	1454
2494	2495	2496
1454	2496	2495
2497	2499	2498
2491	2498	2500
2494	2500	2499
2498	2499	2500
1448	2493	2496
2491	2500	2493
2494	2496	2500
2493	2500	2496
1252	1255	2502
1253	2503	1255
2501	2502	2503
1255	2503	2502
1245	2505	1259
1253	1259	2506
2504	2506	2505
1259	2505	2506
2497	2507	2508
2501	2509	2507
2504	2508	2509
2507	2509	2508
1253	2506	2503
2501	2503	2509
2504	2509	2506
2503	2506	2509
1439	2495	2487
2486	2487	2510
2494	2510	2495
2487	2495	2510
1245	2489	2505
2486	2511	2489
2504	2505	2511
2489	2511	2505
2497	2508	2499
2494	2499	2512
2504	2512	2508
2499	2508	2512
2486	2510	2511
2494	2512	2510
2504	2511	2512
2510	2512	2511
1142	1279	1976
1974	1976	2513
1278	2513	1279
1976	1279	2513
1979	1981	2515
1974	2516	1981
2514	2515	2516
1981	2516	2515
1281	2517	1283
1278	1283	2518
2514	2518	2517
1283	2517	2518
1974	2513	2516
1278	2518	2513
2514	2516	2518
2513	2518	2516
1922	1990	2520
1988	2521	1990
2519	2520	2521
1990	2521	2520
1979	2523	1994
1988	1994	2524
2522	2524	2523
1994	2523	2524
2525	2526	2527
2519	2528	2526
2522	2527	2528
2526	2528	2527
1988	2524	2521
2519	2521	2528
2522	2528	2524
2521	2524	2528
1252	2530	1290
1288	1290	2531
2529	2531	2530
1290	2530	2531
1281	1294	2533
1288	2534	1294
2532	2533	2534
1294	2534	2533
2525	2536	2535
2529	2535	2537
2532	2537	2536
2535	2536	2537
1288	2531	2534
2529	2537	2531
2532	2534	2537
2531	2537	2534
1979	2515	2523
2514	2538	2515
2522	2523	2538
2515	2538	2523
1281	2533	2517
2514	2517	2539
2532	2539	2533
2517	2533	2539
2525	2527	2536
2522	2540	2527
2532	2536	2540
2527	2540	2536
2514	2539	2538
2522	2538	2540
2532	2540	2539
2538	2539	2540
1382	2464	2492
2463	2541	2464
2491	2492	2541
2464	2541	2492
2469	2543	2470
2463	2470	2544
2542	2544	2543
2470	2543	2544
2497	2498	2545
2491	2546	2498
2542	2545	2546
2498	2546	2545
2463	2544	2541
2491	2541	2546
2542	2546	2544
2541	2544	2546
1922	2520	2474
2473	2474	2547
2519	2547	2520
2474	2520	2547
2469	2479	2549
2473	2550	2479
2548	2549	2550
2479	2550	2549
2525	2551	2526
2519	2526	2552
2548	2552	2551
2526	2551	2552
2473	2547	2550
2519	2552	2547
2548	2550	2552
2547	2552	2550
1252	2502	2530
2501	2553	2502
2529	2530	2553
2502	2553	2530
2497	2555	2507
2501	2507	2556
2554	2556	2555
2507	2555	2556
2525	2535	2557
2529	2558	2535
2554	2557	2558
2535	2558	2557
2501	2556	2553
2529	2553	2558
2554	2558	2556
2553	2556	2558
2469	2549	2543
2542	2543	2559
2548	2559	2549
2543	2549	2559
2497	2545	2555
2542	2560	2545
2554	2555	2560
2545	2560	2555
2525	2557	2551
2548	2551	2561
2554	2561	2557
2551	2557	2561
2542	2559	2560
2548	2561	2559
2554	2560	2561
2559	2561	2560
